[3, 12, 1, 2] 5.01
[11, 2, 3, 11] 13.11
[9, 3, 5, 10] 31.19
[7, 11, 3, 8] 14.12
[2, 7, 2, 8] 6.48
[10, 7, 8, 1] 12.93
[10, 5, 7, 12] 9.22
[1, 12, 12, 4] 4.8
[1, 7, 2, 8] 5.32
[7, 7, 12, 11] 7.23
[8, 9, 3, 11] 19.11
[6, 1, 9, 12] 4.73
[10, 12, 1, 8] 5.79
[12, 12, 3, 8] 7.07
[11, 1, 5, 6] 9.29
[11, 12, 8, 5] 15.66
[5, 10, 2, 3] 26.2
[2, 12, 10, 5] 15.51
[5, 6, 5, 5] 7.7
[9, 10, 7, 3] 13.67
[12, 4, 8, 9] 8.02
[4, 7, 5, 5] 12.64
[3, 8, 2, 10] 6.75
[11, 5, 6, 5] 8.84
[3, 9, 11, 11] 9.84
[5, 12, 6, 6] 15.24
[4, 5, 10, 11] 8.42
[9, 5, 9, 3] 7.14
[12, 7, 10, 4] 9.79
[6, 12, 2, 12] 6.85
[12, 2, 4, 6] 5.29
[5, 10, 11, 7] 19.95
[5, 1, 6, 1] 4.73
[8, 9, 4, 7] 4.76
[7, 9, 8, 6] 14.5
[7, 11, 5, 9] 7.49
[8, 1, 10, 6] 5.98
[5, 9, 5, 1] 5.87
[2, 2, 1, 10] 4.76
[7, 11, 12, 3] 10.35
[10, 4, 5, 5] 10.76
[9, 10, 12, 1] 9.74
[9, 11, 11, 11] 7.51
[6, 7, 3, 6] 5.53
[5, 10, 3, 2] 10.12
[9, 3, 11, 6] 4.67
[2, 4, 9, 5] 6.35
[3, 1, 8, 9] 4.58
[9, 8, 1, 11] 6.59
[4, 7, 7, 3] 6.83
[2, 5, 2, 6] 23.1
[12, 8, 3, 4] 9.42
[9, 4, 12, 5] 18.57
[3, 7, 9, 3] 5.49
[9, 3, 10, 1] 25.77
[5, 3, 8, 5] 3.66
[8, 5, 12, 5] 5.91
[1, 11, 7, 2] 6.56
[9, 11, 4, 11] 37.44
[2, 1, 12, 1] 6.04
[5, 7, 8, 5] 6.48
[7, 10, 7, 3] 18.94
[5, 7, 11, 4] 7.52
[2, 7, 8, 11] 6.74
[11, 7, 1, 5] 5.88
[8, 1, 4, 12] 3.63
[6, 6, 5, 4] 15.32
[1, 9, 12, 8] 4.74
[6, 2, 1, 1] 3.67
[8, 11, 11, 2] 6.7
[8, 12, 5, 2] 6.02
[6, 6, 3, 1] 7.44
[7, 6, 6, 11] 9.24
[3, 8, 8, 8] 5.71
[5, 6, 9, 12] 6.27
[8, 2, 12, 2] 6.9
[1, 10, 11, 5] 15.94
[3, 4, 1, 7] 5.59
[1, 6, 9, 1] 9.04
[2, 8, 7, 2] 4.83
[9, 7, 9, 3] 4.05
[12, 1, 1, 3] 4.21
[3, 10, 12, 11] 11.36
[9, 10, 4, 8] 5.15
[7, 3, 9, 10] 5.68
[4, 8, 4, 5] 6.22
[8, 5, 2, 2] 16.29
[2, 9, 4, 7] 5.17
[8, 2, 1, 9] 4.63
[7, 12, 9, 12] 6.57
[11, 5, 8, 1] 12.49
[2, 5, 9, 2] 5.99
[4, 9, 2, 5] 12.87
[3, 6, 5, 12] 5.11
[9, 5, 10, 1] 6.83
[9, 1, 7, 6] 7.1
[6, 6, 9, 7] 10.11
[1, 1, 11, 3] 4.59
[11, 9, 7, 4] 8.34
[6, 3, 3, 10] 7.04
[1, 10, 12, 11] 6.4
[8, 2, 10, 6] 13.02
[12, 7, 1, 10] 10.54
[9, 2, 10, 3] 32.04
[2, 5, 4, 12] 4.53
[8, 6, 6, 3] 6.87
[10, 4, 10, 4] 26.41
[8, 9, 8, 12] 8.39
[5, 1, 3, 9] 6.05
[11, 7, 8, 12] 4.58
[9, 2, 6, 10] 23.68
[8, 2, 6, 8] 7.72
[6, 8, 1, 8] 4.97
[2, 8, 8, 8] 8.95
[5, 7, 6, 5] 6.77
[7, 9, 12, 12] 8.86
[6, 6, 7, 11] 9.02
[6, 9, 12, 2] 12.59
[11, 12, 9, 1] 4.9
[4, 11, 9, 7] 6.12
[9, 12, 12, 8] 12.86
[9, 1, 8, 4] 8.7
[9, 7, 12, 10] 6.17
[2, 7, 10, 3] 10.1
[12, 11, 7, 4] 14.57
[2, 3, 1, 4] 3.91
[9, 5, 9, 6] 5.26
[5, 8, 3, 7] 15.03
[10, 4, 8, 4] 9.03
[12, 12, 12, 10] 11.63
[8, 2, 4, 1] 7.58
[11, 2, 4, 8] 5.14
[10, 7, 1, 3] 7.05
[1, 7, 10, 8] 6.18
[1, 7, 10, 6] 7.11
[4, 12, 7, 6] 17.9
[10, 7, 5, 1] 6.04
[2, 1, 8, 3] 5.73
[3, 8, 10, 2] 15.55
[3, 8, 7, 6] 18.8
[9, 12, 2, 1] 11.38
[12, 12, 6, 7] 5.46
[8, 11, 5, 9] 5.96
[9, 11, 12, 3] 6.09
[5, 9, 12, 6] 6.33
[10, 3, 1, 6] 5.8
[8, 12, 1, 11] 5.76
[7, 2, 5, 9] 12.79
[6, 1, 4, 1] 6.79
[2, 8, 10, 5] 6.89
[2, 1, 4, 8] 4.1
[11, 3, 4, 12] 5.03
[1, 10, 1, 12] 4.72
[6, 3, 8, 9] 5.98
[5, 12, 3, 5] 4.39
[4, 8, 4, 3] 4.92
[9, 4, 4, 7] 7.6
[2, 12, 10, 10] 8.85
[11, 3, 5, 2] 7.83
[8, 3, 4, 1] 16.78
[11, 11, 5, 7] 6.77
[11, 12, 10, 2] 8.25
[4, 2, 4, 3] 7.3
[2, 1, 4, 7] 7.2
[3, 9, 9, 9] 7.1
[7, 4, 1, 3] 7.09
[2, 3, 1, 11] 7.09
[12, 6, 5, 1] 8.07
[9, 4, 10, 2] 17.43
[4, 6, 2, 3] 8.87
[2, 8, 12, 2] 7.73
[12, 4, 8, 12] 15.66
[2, 8, 3, 2] 4.23
[1, 9, 5, 5] 6.64
[3, 3, 6, 1] 7.47
[8, 2, 7, 5] 10.8
[6, 5, 6, 8] 6.69
[10, 8, 1, 7] 7.17
[6, 6, 8, 9] 8.17
[2, 11, 5, 10] 8.0
[11, 2, 1, 1] 5.77
[8, 7, 9, 3] 21.6
[8, 7, 7, 2] 4.31
[3, 6, 9, 1] 9.48
[6, 12, 1, 1] 9.44
[8, 8, 4, 1] 4.43
[1, 11, 9, 5] 9.04
[12, 9, 6, 1] 14.09
[4, 2, 2, 7] 5.81
[7, 2, 8, 9] 17.4
[6, 5, 3, 12] 5.58
[1, 4, 2, 12] 5.41
[4, 3, 10, 7] 11.09
[4, 2, 11, 11] 6.22
[1, 8, 8, 10] 5.68
[11, 3, 5, 5] 14.76
[12, 12, 7, 4] 6.07
[3, 12, 2, 4] 8.57
[2, 2, 5, 1] 5.03
[8, 6, 12, 8] 8.83
[10, 4, 1, 5] 6.51
[3, 4, 6, 11] 10.02
[5, 5, 9, 8] 4.92
[4, 5, 2, 2] 6.29
[1, 12, 7, 4] 4.42
[12, 8, 11, 9] 5.11
[7, 12, 6, 10] 9.56
[2, 1, 9, 4] 6.23
[1, 5, 6, 5] 5.15
[4, 9, 12, 5] 12.99
[7, 2, 3, 11] 5.31
[4, 12, 12, 9] 5.65
[1, 10, 2, 11] 6.14
[11, 2, 7, 1] 16.54
[11, 4, 5, 6] 8.95
[10, 2, 6, 7] 9.52
[6, 10, 5, 6] 7.18
[6, 8, 2, 2] 6.98
[2, 9, 11, 8] 4.82
[7, 12, 3, 11] 8.56
[6, 3, 11, 5] 6.63
[12, 11, 10, 12] 8.16
[4, 4, 4, 10] 11.87
[12, 6, 3, 7] 7.59
[10, 4, 12, 1] 8.95
[2, 8, 2, 1] 6.27
[11, 10, 9, 5] 14.08
[3, 9, 1, 8] 5.56
[2, 10, 9, 12] 4.19
[8, 7, 8, 5] 4.19
[1, 6, 6, 3] 5.23
[6, 7, 7, 4] 4.12
[7, 3, 10, 5] 5.73
[2, 6, 2, 8] 6.64
[9, 3, 11, 4] 8.21
[4, 12, 7, 9] 5.31
[5, 2, 3, 7] 6.6
[4, 9, 7, 12] 4.29
[5, 2, 12, 8] 5.67
[2, 5, 3, 9] 8.22
[7, 10, 8, 1] 6.62
[11, 3, 2, 2] 5.13
[3, 11, 9, 1] 5.05
[2, 12, 1, 4] 4.85
[4, 2, 10, 11] 7.73
[2, 10, 3, 6] 7.32
[12, 1, 5, 12] 6.76
[5, 10, 9, 11] 40.59
[11, 11, 5, 1] 10.92
[4, 12, 3, 1] 4.1
[10, 9, 1, 7] 14.37
[6, 7, 2, 4] 5.44
[4, 8, 11, 10] 6.49
[10, 11, 2, 12] 6.24
[7, 6, 2, 3] 5.83
[6, 11, 3, 11] 7.23
[4, 3, 12, 8] 18.11
[3, 9, 1, 8] 3.79
[1, 3, 7, 4] 4.85
[6, 7, 2, 4] 10.49
[11, 10, 12, 3] 15.85
[1, 1, 3, 11] 7.78
[9, 3, 8, 8] 16.04
[3, 9, 4, 2] 6.65
[8, 12, 6, 3] 12.89
[10, 7, 9, 5] 8.63
[8, 10, 5, 7] 16.37
[2, 9, 6, 1] 5.59
[8, 1, 11, 5] 10.3
[2, 3, 1, 4] 4.7
[7, 6, 10, 2] 8.76
[12, 11, 2, 10] 4.83
[1, 2, 12, 9] 5.88
[5, 8, 11, 3] 6.34
[8, 8, 6, 5] 7.2
[8, 10, 6, 9] 8.59
[4, 8, 10, 10] 8.71
[9, 3, 7, 1] 4.99
[5, 2, 4, 8] 7.38
[8, 12, 7, 2] 5.61
[2, 8, 9, 9] 3.59
[8, 4, 7, 6] 5.46
[10, 7, 3, 11] 7.56
[11, 12, 12, 11] 7.17
[7, 5, 12, 3] 16.62
[11, 3, 12, 12] 9.54
[2, 6, 8, 5] 5.1
[4, 9, 1, 8] 9.39
[8, 4, 12, 8] 9.73
[7, 4, 2, 2] 8.52
[3, 8, 3, 2] 3.94
[7, 11, 8, 3] 18.07
[2, 10, 5, 10] 7.18
[12, 7, 6, 5] 13.91
[4, 6, 10, 11] 6.42
[9, 6, 6, 7] 5.76
[1, 4, 3, 9] 4.08
[1, 4, 1, 8] 4.98
[8, 2, 9, 11] 8.46
[10, 11, 12, 9] 4.73
[8, 5, 1, 9] 4.26
[4, 12, 5, 3] 4.5
[7, 6, 3, 1] 5.04
[4, 10, 2, 11] 10.21
[11, 9, 10, 3] 6.43
[6, 10, 10, 7] 15.38
[12, 5, 3, 1] 4.71
[10, 10, 7, 8] 11.58
[3, 10, 1, 11] 6.47
[5, 3, 9, 3] 17.24
[7, 7, 2, 1] 56.4
[3, 2, 6, 5] 8.28
[9, 1, 3, 7] 4.51
[8, 8, 4, 2] 6.86
[3, 12, 10, 11] 6.61
[11, 12, 3, 5] 9.91
[9, 5, 4, 8] 7.39
[3, 8, 11, 5] 6.11
[5, 7, 1, 4] 9.18
[11, 9, 9, 12] 4.99
[3, 7, 11, 2] 5.46
[5, 1, 2, 4] 4.9
[9, 8, 6, 6] 7.58
[1, 4, 6, 11] 8.73
[8, 4, 11, 5] 9.78
[3, 8, 3, 9] 5.11
[2, 12, 2, 1] 4.21
[9, 11, 10, 12] 34.12
[11, 9, 6, 9] 8.07
[6, 3, 10, 2] 8.19
[10, 7, 4, 12] 6.25
[11, 12, 7, 6] 5.82
[5, 6, 11, 4] 43.18
[1, 9, 8, 5] 4.85
[3, 5, 8, 5] 8.72
[10, 6, 12, 3] 6.23
[7, 1, 11, 8] 4.4
[8, 12, 8, 10] 6.38
[9, 9, 5, 12] 7.77
[2, 3, 4, 12] 31.0
[3, 12, 12, 2] 7.38
[4, 12, 9, 9] 20.16
[11, 10, 9, 4] 5.86
[9, 5, 2, 2] 6.44
[7, 4, 7, 3] 8.73
[8, 12, 11, 2] 12.31
[12, 1, 4, 7] 3.25
[7, 12, 12, 5] 5.85
[1, 10, 6, 8] 4.22
[1, 5, 10, 10] 11.62
[4, 1, 7, 5] 10.12
[6, 5, 1, 5] 5.68
[3, 2, 4, 5] 6.09
[7, 6, 12, 10] 6.05
[1, 2, 7, 3] 8.26
[3, 1, 10, 1] 4.16
[6, 8, 5, 10] 8.03
[7, 1, 3, 1] 4.29
[7, 2, 6, 5] 5.39
[2, 7, 3, 9] 10.08
[12, 7, 12, 5] 15.17
[4, 6, 8, 6] 5.27
[11, 11, 9, 8] 11.5
[6, 6, 7, 11] 15.95
[10, 9, 11, 4] 10.1
[12, 8, 1, 10] 4.04
[2, 9, 12, 5] 5.27
[4, 5, 1, 7] 19.09
[7, 7, 1, 4] 6.12
[3, 6, 10, 5] 14.38
[9, 4, 12, 5] 29.05
[10, 6, 1, 12] 13.4
[1, 8, 12, 5] 29.24
[4, 6, 7, 5] 5.21
[10, 9, 7, 7] 9.47
[2, 11, 9, 6] 12.08
[11, 5, 11, 5] 6.77
[6, 11, 8, 12] 20.54
[9, 1, 3, 8] 6.09
[2, 1, 2, 11] 6.49
[12, 11, 3, 11] 6.81
[9, 6, 1, 7] 9.17
[7, 4, 3, 2] 9.54
[9, 11, 5, 8] 17.68
[11, 9, 1, 5] 16.89
[2, 8, 2, 6] 8.59
[9, 11, 5, 2] 10.27
[8, 5, 3, 5] 6.52
[5, 4, 9, 10] 14.11
[7, 4, 4, 10] 46.66
[9, 5, 4, 1] 18.82
[4, 2, 11, 6] 6.38
[3, 12, 8, 2] 8.89
[1, 4, 7, 9] 13.71
[8, 6, 3, 5] 4.71
[9, 10, 12, 4] 11.92
[2, 3, 2, 9] 8.4
[6, 4, 12, 9] 45.53
[8, 6, 2, 7] 6.61
[5, 4, 3, 3] 8.87
[7, 1, 6, 12] 6.15
[4, 12, 1, 12] 5.27
[8, 11, 12, 1] 5.34
[6, 1, 5, 7] 7.22
[6, 4, 5, 2] 10.03
[4, 8, 8, 12] 8.08
[10, 7, 5, 5] 7.08
[6, 1, 3, 11] 8.39
[1, 11, 12, 3] 10.61
[1, 3, 1, 10] 4.81
[10, 1, 8, 11] 20.27
[7, 10, 6, 6] 8.5
[7, 12, 1, 12] 15.55
[6, 5, 7, 6] 6.19
[7, 6, 5, 12] 7.72
[11, 5, 8, 3] 6.02
[11, 12, 6, 5] 4.66
[8, 9, 1, 5] 4.99
[4, 3, 5, 8] 6.35
[2, 8, 4, 1] 6.15
[1, 7, 4, 7] 12.57
[6, 4, 9, 6] 9.24
[1, 8, 2, 8] 6.0
[4, 1, 11, 3] 5.83
[8, 7, 2, 7] 4.99
[8, 8, 11, 3] 4.62
[8, 11, 6, 8] 7.98
[12, 4, 10, 11] 15.39
[3, 4, 7, 5] 8.85
[3, 7, 4, 1] 6.75
[11, 12, 3, 9] 8.39
[11, 4, 4, 12] 12.35
[12, 5, 8, 2] 5.0
[5, 2, 9, 12] 7.06
[10, 6, 4, 5] 6.62
[8, 8, 11, 1] 6.94
[6, 5, 9, 7] 5.51
[3, 2, 8, 4] 5.57
[2, 1, 2, 12] 4.69
[8, 11, 4, 3] 5.89
[11, 11, 5, 4] 4.97
[8, 12, 3, 8] 4.45
[9, 4, 2, 8] 17.38
[10, 2, 9, 8] 12.27
[9, 12, 1, 10] 6.24
[4, 3, 12, 3] 5.81
[7, 5, 9, 4] 7.48
[6, 4, 3, 11] 16.91
[7, 4, 7, 7] 6.33
[8, 12, 1, 10] 4.26
[5, 6, 1, 7] 61.9
[3, 2, 5, 8] 10.15
[12, 5, 1, 8] 6.59
[4, 10, 3, 6] 5.28
[5, 4, 2, 6] 12.63
[4, 5, 1, 3] 6.4
[2, 1, 7, 2] 10.28
[4, 5, 4, 7] 15.36
[12, 1, 8, 4] 4.01
[9, 11, 8, 3] 17.71
[6, 9, 12, 5] 6.29
[5, 9, 8, 12] 8.1
[6, 3, 12, 9] 14.64
[8, 8, 10, 6] 6.9
[3, 12, 10, 4] 6.2
[1, 8, 8, 8] 4.93
[6, 10, 1, 5] 6.87
[9, 3, 10, 5] 30.25
[8, 2, 5, 7] 8.36
[1, 12, 5, 8] 4.47
[12, 1, 11, 1] 5.05
[2, 11, 7, 8] 8.4
[6, 8, 12, 7] 13.5
[3, 12, 1, 10] 8.83
[6, 11, 6, 9] 7.26
[7, 7, 4, 2] 12.81
[11, 12, 12, 9] 13.0
[5, 10, 6, 2] 8.5
[4, 10, 4, 5] 10.45
[3, 6, 11, 11] 6.67
[1, 2, 8, 5] 14.3
[8, 3, 10, 9] 8.1
[10, 6, 2, 12] 6.21
[5, 4, 9, 12] 13.29
[4, 8, 12, 11] 6.83
[10, 3, 8, 6] 13.16
[1, 7, 12, 12] 5.74
[10, 5, 9, 11] 22.2
[1, 5, 8, 12] 4.08
[3, 5, 4, 7] 11.92
[4, 10, 3, 8] 8.43
[10, 11, 8, 3] 14.12
[5, 4, 3, 9] 6.07
[4, 9, 2, 5] 4.83
[2, 6, 10, 6] 6.13
[1, 4, 8, 1] 5.29
[2, 9, 5, 2] 19.75
[12, 10, 12, 1] 6.56
[2, 9, 11, 11] 12.14
[7, 2, 3, 1] 6.18
[7, 9, 6, 4] 15.75
[8, 11, 3, 5] 5.57
[8, 11, 3, 10] 16.43
[5, 4, 6, 7] 5.73
[12, 1, 4, 5] 5.7
[4, 7, 5, 2] 10.44
[8, 7, 7, 4] 52.08
[1, 3, 2, 12] 4.33
[9, 2, 7, 10] 10.64
[1, 3, 4, 9] 6.39
[12, 2, 10, 8] 10.73
[9, 6, 10, 1] 6.11
[12, 6, 11, 7] 6.44
[12, 12, 3, 8] 6.9
[12, 9, 6, 6] 6.32
[8, 4, 9, 1] 10.01
[2, 9, 1, 1] 8.37
[2, 10, 5, 9] 6.46
[3, 9, 5, 12] 6.61
[9, 2, 1, 2] 4.96
[8, 3, 6, 6] 4.64
[5, 1, 6, 5] 7.85
[7, 10, 12, 4] 19.64
[6, 3, 10, 9] 7.51
[5, 3, 11, 5] 15.95
[8, 6, 7, 10] 8.56
[6, 4, 3, 11] 12.31
[1, 8, 12, 8] 6.36
[1, 6, 1, 2] 3.84
[10, 4, 5, 6] 6.26
[10, 11, 3, 7] 5.62
[2, 9, 10, 2] 6.48
[5, 3, 5, 8] 4.74
[2, 11, 4, 10] 13.76
[2, 10, 3, 3] 42.36
[4, 9, 11, 7] 43.8
[1, 2, 11, 4] 7.5
[3, 1, 7, 8] 10.83
[11, 1, 9, 11] 7.45
[12, 4, 6, 9] 6.44
[9, 12, 8, 7] 12.14
[9, 6, 8, 4] 5.55
[3, 4, 2, 1] 10.28
[9, 8, 3, 10] 7.91
[7, 11, 10, 10] 7.72
[4, 7, 7, 6] 4.44
[2, 3, 10, 2] 62.82
[12, 5, 5, 8] 8.96
[5, 6, 11, 9] 32.03
[6, 10, 1, 5] 7.95
[7, 2, 4, 11] 12.0
[11, 2, 5, 5] 11.86
[2, 3, 4, 2] 41.73
[10, 11, 6, 3] 5.79
[8, 5, 6, 3] 6.67
[10, 6, 5, 10] 15.97
[6, 12, 3, 8] 18.06
[10, 5, 7, 1] 13.48
[4, 12, 9, 7] 5.37
[8, 7, 7, 4] 13.3
[6, 6, 12, 7] 9.42
[11, 3, 1, 10] 6.24
[1, 2, 4, 11] 7.12
[11, 6, 8, 6] 6.99
[11, 9, 7, 2] 11.38
[5, 11, 1, 5] 10.12
[12, 12, 5, 6] 5.11
[6, 7, 2, 1] 12.68
[2, 3, 4, 5] 6.96
[8, 5, 3, 8] 5.78
[4, 9, 3, 4] 7.54
[8, 9, 11, 2] 10.09
[7, 1, 8, 11] 5.09
[1, 3, 2, 4] 5.46
[12, 6, 4, 10] 5.83
[12, 4, 4, 10] 45.0
[1, 2, 10, 3] 6.96
[6, 10, 2, 3] 8.49
[6, 12, 10, 6] 6.97
[9, 2, 6, 10] 8.37
[2, 5, 2, 9] 14.29
[4, 5, 8, 1] 10.92
[5, 7, 5, 7] 5.87
[1, 3, 9, 12] 4.94
[9, 4, 8, 6] 10.84
[9, 5, 8, 11] 10.9
[3, 4, 7, 12] 11.02
[11, 3, 5, 1] 7.03
[5, 4, 10, 3] 11.01
[4, 5, 5, 7] 17.9
[8, 5, 12, 12] 11.44
[9, 3, 7, 1] 14.65
[10, 5, 5, 1] 6.31
[1, 12, 2, 1] 5.69
[1, 9, 1, 4] 8.33
[12, 6, 3, 5] 4.61
[9, 6, 11, 6] 9.63
[7, 4, 8, 11] 31.22
[3, 1, 3, 5] 7.75
[4, 11, 7, 5] 6.42
[8, 8, 10, 12] 7.27
[12, 9, 8, 1] 6.13
[9, 8, 5, 12] 5.83
[4, 1, 1, 3] 6.76
[2, 1, 1, 11] 6.45
[3, 2, 11, 2] 9.41
[7, 3, 7, 12] 8.62
[1, 1, 3, 12] 9.49
[9, 3, 11, 11] 9.93
[8, 2, 1, 2] 6.56
[3, 10, 9, 12] 15.11
[2, 5, 10, 2] 8.56
[3, 10, 6, 9] 6.25
[7, 12, 5, 6] 6.46
[3, 9, 2, 2] 5.73
[6, 8, 12, 6] 8.37
[3, 5, 1, 1] 10.35
[9, 12, 4, 4] 9.43
[7, 9, 1, 2] 8.0
[4, 8, 6, 5] 11.67
[3, 9, 1, 3] 7.61
[8, 3, 1, 4] 14.56
[11, 5, 4, 7] 39.28
[3, 8, 3, 2] 6.05
[10, 3, 7, 10] 6.16
[11, 9, 5, 5] 7.81
[1, 6, 8, 2] 14.43
[7, 12, 11, 3] 9.47
[5, 4, 11, 12] 4.89
[1, 10, 5, 7] 19.14
[10, 11, 7, 10] 7.69
[10, 2, 11, 10] 8.04
[3, 1, 5, 8] 5.27
[5, 11, 2, 6] 16.57
[12, 8, 6, 7] 24.27
[10, 12, 2, 8] 14.3
[6, 1, 5, 2] 5.84
[11, 7, 7, 4] 11.63
[2, 2, 8, 12] 6.03
[4, 6, 9, 1] 32.86
[9, 4, 12, 2] 11.68
[10, 6, 2, 2] 11.56
[7, 7, 1, 12] 21.31
[12, 6, 1, 9] 4.22
[9, 5, 1, 2] 8.14
[1, 7, 1, 4] 4.39
[7, 12, 2, 10] 12.42
[2, 1, 6, 12] 6.57
[6, 7, 6, 3] 7.29
[8, 3, 11, 8] 13.06
[7, 6, 1, 11] 5.8
[2, 12, 10, 1] 6.7
[11, 11, 1, 5] 34.82
[2, 3, 1, 9] 6.78
[2, 12, 11, 2] 6.4
[7, 6, 3, 7] 6.86
[2, 2, 3, 5] 20.53
[11, 2, 1, 6] 5.49
[5, 12, 6, 6] 13.34
[4, 6, 8, 3] 9.69
[10, 2, 5, 8] 11.26
[11, 12, 5, 6] 5.6
[10, 5, 3, 3] 7.7
[10, 2, 7, 11] 15.37
[9, 12, 11, 9] 10.71
[8, 1, 2, 7] 6.91
[3, 9, 9, 2] 11.2
[9, 11, 8, 12] 4.74
[12, 7, 2, 2] 11.18
[11, 2, 11, 4] 5.69
[7, 10, 5, 12] 7.24
[8, 11, 12, 7] 6.42
[3, 12, 5, 8] 20.38
[9, 10, 6, 12] 8.22
[5, 11, 6, 2] 5.49
[3, 12, 4, 6] 67.17
[8, 7, 9, 8] 9.35
[9, 4, 12, 12] 9.35
[8, 6, 1, 11] 10.93
[6, 10, 3, 2] 39.61
[3, 12, 1, 9] 7.97
[11, 10, 12, 3] 7.81
[12, 11, 2, 1] 5.68
[8, 9, 2, 4] 7.51
[4, 4, 9, 8] 14.3
[3, 9, 12, 6] 12.38
[8, 2, 6, 1] 7.32
[6, 7, 10, 10] 8.9
[2, 8, 2, 9] 14.12
[6, 7, 7, 10] 7.68
[2, 7, 12, 8] 5.07
[6, 4, 7, 9] 18.43
[6, 8, 9, 9] 10.03
[4, 4, 2, 12] 5.21
[2, 10, 1, 11] 6.3
[4, 10, 7, 2] 7.46
[1, 12, 3, 2] 70.11
[5, 12, 7, 1] 6.64
[7, 5, 9, 4] 24.01
[3, 9, 5, 7] 18.96
[9, 11, 4, 8] 9.7
[10, 8, 5, 12] 10.53
[5, 4, 7, 12] 11.09
[1, 10, 3, 10] 7.58
[11, 7, 9, 1] 5.38
[2, 3, 8, 11] 7.17
[3, 12, 6, 6] 4.24
[7, 4, 1, 7] 6.87
[5, 3, 3, 3] 20.39
[3, 5, 6, 2] 10.47
[3, 8, 1, 3] 11.97
[1, 5, 3, 11] 74.81
[10, 1, 5, 5] 8.77
[6, 3, 4, 6] 13.61
[9, 5, 10, 2] 22.18
[1, 11, 2, 11] 5.93
[3, 5, 12, 4] 5.62
[3, 9, 3, 2] 6.73
[9, 4, 6, 6] 10.8
[3, 9, 8, 11] 12.09
[8, 11, 5, 2] 9.05
[4, 4, 6, 2] 11.01
[7, 7, 5, 2] 26.23
[12, 3, 10, 11] 8.58
[2, 8, 5, 10] 19.55
[1, 4, 9, 4] 7.2
[9, 8, 5, 2] 10.97
[4, 4, 12, 7] 14.52
[4, 3, 12, 9] 8.22
[11, 7, 6, 2] 11.49
[4, 2, 6, 5] 11.96
[8, 6, 11, 10] 5.86
[4, 8, 2, 8] 17.46
[2, 3, 3, 7] 4.95
[10, 5, 2, 2] 10.29
[11, 9, 1, 3] 6.92
[1, 9, 8, 7] 5.26
[5, 2, 1, 2] 11.16
[8, 2, 7, 5] 8.22
[2, 7, 5, 9] 5.88
[3, 9, 6, 5] 7.41
[6, 2, 12, 4] 5.48
[7, 1, 9, 11] 6.82
[2, 11, 3, 7] 8.95
[8, 10, 4, 4] 10.04
[1, 11, 5, 9] 12.96
[6, 10, 12, 9] 13.26
[4, 3, 3, 6] 5.5
[9, 7, 4, 4] 8.25
[12, 10, 9, 8] 9.4
[5, 10, 4, 3] 9.98
[2, 3, 11, 6] 9.74
[4, 3, 10, 8] 4.33
[5, 10, 12, 1] 7.07
[5, 12, 4, 2] 4.55
[1, 1, 3, 4] 7.36
[2, 10, 10, 7] 20.34
[5, 10, 11, 7] 41.63
[11, 11, 3, 7] 15.2
[11, 5, 5, 3] 17.65
[12, 8, 8, 6] 12.26
[9, 6, 6, 2] 6.06
[1, 9, 9, 7] 7.31
[2, 2, 10, 9] 9.79
[6, 9, 2, 1] 4.8
[1, 8, 3, 2] 6.33
[3, 11, 1, 2] 10.01
[12, 4, 12, 5] 5.2
[10, 4, 1, 1] 4.75
[3, 2, 7, 2] 11.61
[12, 1, 7, 8] 7.94
[9, 11, 9, 6] 7.92
[7, 1, 3, 8] 4.61
[11, 5, 5, 12] 6.56
[11, 2, 12, 1] 6.0
[4, 3, 9, 6] 7.55
[10, 10, 10, 12] 48.23
[5, 10, 7, 8] 10.52
[2, 4, 6, 12] 6.8
[7, 3, 8, 4] 8.78
[8, 5, 9, 4] 10.01
[5, 7, 6, 1] 12.9
[7, 2, 4, 2] 5.6
[6, 9, 3, 6] 9.34
[12, 2, 12, 11] 7.55
[12, 6, 4, 7] 7.81
[5, 9, 1, 12] 11.54
[12, 1, 2, 2] 4.98
[1, 9, 12, 7] 5.33
[10, 7, 5, 12] 11.81
[12, 3, 9, 8] 9.86
[6, 12, 3, 1] 6.44
[4, 8, 10, 5] 18.21
[3, 1, 11, 11] 7.35
[6, 5, 7, 4] 7.65
[10, 4, 4, 1] 8.74
[11, 9, 4, 4] 10.06
[9, 4, 9, 8] 7.1
[10, 12, 4, 7] 11.36
[12, 11, 6, 5] 6.29
[9, 4, 4, 2] 8.1
[1, 8, 5, 9] 6.38
[9, 9, 5, 1] 6.56
[9, 5, 5, 1] 11.21
[6, 6, 7, 5] 12.73
[9, 3, 12, 1] 5.99
[2, 12, 3, 2] 5.27
[6, 1, 1, 3] 5.34
[4, 11, 7, 12] 9.45
[12, 9, 6, 9] 14.82
[11, 7, 3, 10] 6.83
[5, 6, 2, 8] 8.21
[8, 5, 2, 3] 11.11
[2, 10, 1, 11] 9.15
[8, 10, 4, 5] 9.22
[9, 10, 8, 6] 33.58
[4, 12, 4, 2] 7.76
[10, 9, 4, 5] 11.27
[6, 7, 4, 5] 32.44
[10, 8, 6, 1] 8.11
[4, 8, 5, 8] 17.12
[2, 12, 9, 3] 11.23
[11, 12, 6, 12] 14.9
[8, 4, 8, 4] 9.58
[12, 5, 2, 8] 7.91
[10, 7, 11, 2] 9.37
[10, 8, 10, 2] 6.74
[8, 12, 11, 8] 8.62
[12, 5, 4, 1] 6.24
[7, 2, 9, 11] 10.86
[10, 1, 8, 11] 8.5
[2, 4, 12, 9] 4.98
[4, 11, 6, 11] 5.27
[3, 6, 5, 6] 7.2
[9, 12, 3, 9] 4.92
[12, 9, 11, 10] 11.39
[12, 4, 3, 9] 8.35
[3, 10, 6, 8] 9.78
[2, 2, 1, 9] 8.81
[2, 12, 3, 11] 8.17
[3, 2, 8, 11] 14.87
[4, 6, 4, 10] 12.37
[7, 3, 10, 4] 8.52
[12, 9, 11, 10] 8.1
[11, 1, 3, 8] 6.64
[9, 9, 12, 1] 10.12
[8, 8, 1, 7] 8.74
[2, 3, 3, 6] 9.37
[10, 2, 3, 8] 19.82
[2, 4, 12, 2] 12.19
[9, 10, 4, 1] 9.82
[3, 9, 9, 9] 8.25
[5, 8, 8, 3] 12.4
[6, 9, 1, 12] 7.63
[1, 10, 4, 2] 6.68
[3, 4, 5, 3] 7.79
[8, 3, 12, 2] 6.06
[8, 7, 12, 9] 18.95
[3, 2, 1, 4] 6.57
[7, 2, 10, 5] 10.58
[4, 9, 8, 7] 9.74
[11, 12, 2, 8] 8.47
[9, 3, 11, 7] 8.13
[1, 9, 12, 2] 7.92
[3, 1, 12, 1] 10.68
[6, 9, 5, 3] 11.72
[2, 8, 12, 11] 17.64
[5, 2, 7, 8] 19.84
[7, 9, 1, 11] 16.97
[4, 12, 6, 11] 6.71
[4, 9, 6, 2] 50.14
[7, 5, 1, 12] 6.38
[5, 10, 1, 10] 7.31
[10, 12, 12, 11] 7.08
[7, 9, 1, 4] 9.95
[5, 10, 11, 8] 34.69
[7, 5, 3, 5] 11.27
[4, 6, 4, 2] 5.4
[12, 12, 2, 3] 6.6
[6, 1, 3, 11] 10.04
[4, 7, 3, 3] 6.31
[6, 6, 5, 10] 7.64
[1, 4, 12, 7] 6.15
[8, 3, 1, 5] 5.12
[3, 8, 7, 6] 7.21
[12, 8, 11, 12] 9.52
[2, 9, 12, 2] 11.2
[3, 10, 11, 7] 21.0
[4, 11, 1, 9] 53.42
[5, 9, 8, 1] 5.86
[12, 10, 10, 8] 18.32
[7, 5, 8, 8] 6.3
[5, 10, 9, 4] 7.7
[6, 9, 11, 10] 11.23
[7, 1, 6, 4] 23.13
[12, 12, 11, 12] 10.67
[1, 8, 2, 3] 7.27
[3, 2, 11, 1] 14.06
[3, 4, 11, 3] 47.23
[7, 5, 1, 3] 11.02
[4, 12, 1, 6] 7.47
[12, 5, 2, 8] 6.21
[1, 9, 5, 11] 10.21
[11, 12, 11, 10] 9.41
[2, 6, 3, 12] 9.69
[10, 1, 12, 1] 5.81
[12, 4, 12, 6] 5.89
[2, 2, 4, 7] 5.56
[5, 11, 1, 3] 8.17
[7, 1, 9, 4] 10.26
[9, 9, 11, 12] 5.15
[1, 4, 9, 10] 15.81
[7, 12, 4, 3] 26.4
[10, 12, 6, 5] 9.78
[11, 8, 2, 6] 7.88
[2, 11, 8, 3] 11.67
[10, 3, 5, 7] 24.68
[3, 1, 4, 3] 6.95
[9, 8, 4, 10] 8.44
[9, 10, 2, 3] 11.03
[10, 6, 4, 8] 10.58
[2, 1, 6, 6] 7.22
[1, 9, 7, 2] 19.57
[6, 4, 12, 2] 6.77
[2, 2, 10, 10] 7.68
[7, 2, 3, 2] 7.35
[1, 9, 7, 10] 8.04
[10, 6, 2, 12] 8.46
[10, 8, 6, 6] 11.79
[6, 11, 4, 10] 11.63
[8, 3, 9, 10] 8.02
[2, 3, 3, 7] 7.07
[12, 8, 6, 8] 10.6
[1, 12, 8, 8] 5.08
[3, 12, 1, 10] 6.87
[8, 10, 4, 5] 8.17
[7, 6, 2, 12] 6.02
[8, 6, 8, 3] 9.04
[8, 7, 11, 4] 10.24
[5, 1, 3, 1] 12.28
[7, 2, 11, 1] 13.15
[4, 5, 5, 4] 7.86
[1, 6, 5, 8] 10.45
[5, 3, 11, 5] 21.97
[2, 12, 10, 6] 7.35
[1, 1, 4, 8] 13.58
[7, 3, 12, 4] 12.56
[6, 8, 11, 8] 9.28
[4, 4, 10, 8] 12.24
[7, 3, 6, 12] 9.22
[12, 2, 4, 11] 12.63
[6, 8, 1, 1] 6.86
[10, 1, 5, 10] 8.15
[10, 10, 12, 2] 7.01
[7, 8, 8, 2] 8.04
[11, 12, 12, 8] 9.02
[1, 7, 2, 8] 5.25
[4, 7, 12, 1] 5.32
[5, 2, 9, 6] 14.41
[3, 6, 2, 5] 6.29
[9, 8, 9, 4] 5.6
[10, 2, 12, 8] 17.38
[10, 1, 2, 5] 10.82
[9, 1, 7, 11] 6.06
[4, 1, 7, 2] 9.81
[5, 1, 1, 3] 12.94
[12, 3, 11, 3] 6.6
[5, 4, 12, 2] 7.11
[7, 10, 6, 2] 39.56
[3, 4, 5, 3] 10.08
[4, 6, 1, 10] 52.29
[4, 8, 8, 9] 6.48
[8, 2, 6, 7] 8.02
[4, 12, 6, 3] 20.4
[2, 5, 8, 7] 32.88
[2, 5, 10, 6] 6.9
[6, 5, 5, 5] 7.39
[12, 7, 9, 5] 70.07
[12, 1, 9, 7] 9.05
[4, 9, 3, 6] 6.21
[6, 8, 4, 8] 7.34
[3, 4, 9, 6] 6.16
[1, 8, 8, 4] 12.51
[2, 7, 1, 10] 11.13
[12, 7, 2, 10] 49.6
[11, 11, 5, 4] 7.76
[12, 9, 12, 7] 17.4
[10, 8, 6, 7] 8.87
[1, 8, 6, 1] 7.11
[1, 7, 6, 10] 15.72
[10, 4, 1, 5] 7.47
[4, 12, 9, 7] 5.89
[5, 3, 3, 4] 22.93
[8, 12, 4, 5] 15.95
[9, 11, 6, 6] 6.71
[12, 3, 8, 6] 14.7
[5, 9, 11, 1] 7.71
[7, 5, 6, 8] 7.96
[4, 10, 10, 8] 6.59
[6, 7, 9, 1] 8.3
[11, 1, 11, 5] 23.03
[4, 6, 1, 6] 6.97
[9, 3, 7, 9] 8.33
[12, 8, 3, 4] 14.85
[9, 8, 11, 4] 10.07
[12, 3, 10, 8] 14.88
[7, 2, 8, 1] 10.19
[9, 9, 12, 3] 6.44
[12, 6, 6, 10] 8.72
[12, 9, 1, 6] 5.32
[5, 1, 9, 10] 9.42
[9, 2, 12, 4] 12.02
[3, 1, 9, 8] 4.78
[4, 1, 6, 10] 36.14
[11, 12, 8, 1] 7.8
[11, 8, 7, 8] 6.96
[1, 9, 11, 3] 5.95
[2, 12, 7, 1] 6.73
[9, 3, 1, 4] 7.52
[8, 12, 11, 5] 9.46
[11, 3, 11, 2] 10.96
[4, 8, 10, 6] 15.43
[4, 10, 2, 11] 7.79
[9, 12, 6, 12] 7.6
[1, 5, 6, 12] 5.63
[10, 12, 6, 5] 22.94
[5, 6, 11, 2] 9.56
[12, 11, 12, 1] 8.02
[2, 2, 7, 5] 11.89
[6, 4, 9, 1] 16.9
[5, 3, 10, 11] 12.2
[7, 1, 12, 10] 15.05
[12, 10, 3, 1] 7.22
[10, 8, 2, 9] 10.09
[4, 10, 8, 8] 12.69
[8, 2, 9, 5] 11.6
[7, 1, 10, 7] 9.32
[8, 4, 4, 4] 32.6
[11, 9, 3, 6] 6.64
[11, 4, 10, 1] 6.82
[3, 4, 12, 8] 25.04
[2, 7, 8, 6] 5.76
[11, 9, 8, 4] 9.38
[6, 1, 8, 1] 8.73
[9, 11, 2, 2] 17.83
[10, 6, 3, 11] 16.39
[7, 7, 3, 7] 8.06
[1, 1, 5, 7] 6.15
[3, 6, 8, 9] 30.05
[12, 10, 6, 9] 6.09
[3, 1, 2, 4] 6.53
[7, 9, 12, 8] 6.0
[4, 6, 2, 10] 15.99
[6, 6, 5, 6] 7.5
[7, 7, 1, 4] 18.48
[8, 6, 6, 3] 11.83
[2, 2, 5, 9] 6.84
[11, 7, 1, 6] 5.9
[9, 1, 11, 11] 12.28
[6, 8, 8, 12] 8.72
[3, 4, 8, 12] 11.57
[10, 1, 8, 12] 5.91
[3, 11, 6, 3] 7.07
[10, 4, 9, 6] 11.27
[8, 5, 1, 1] 4.92
[7, 6, 12, 12] 6.0
[10, 9, 2, 4] 8.98
[3, 9, 7, 4] 9.35
[1, 3, 7, 10] 6.83
[1, 2, 8, 3] 6.22
[2, 4, 10, 3] 7.64
[10, 8, 9, 12] 9.68
[2, 8, 4, 3] 5.94
[12, 9, 5, 2] 5.93
[9, 8, 12, 5] 6.58
[11, 3, 2, 7] 9.28
[3, 5, 9, 12] 9.26
[12, 6, 3, 10] 10.11
[5, 2, 7, 7] 7.76
[2, 5, 3, 4] 10.08
[6, 2, 9, 1] 6.9
[11, 5, 8, 3] 10.23
[12, 1, 4, 2] 6.2
[6, 6, 5, 3] 12.77
[1, 3, 5, 9] 21.61
[3, 3, 2, 9] 8.9
[2, 12, 5, 12] 7.97
[7, 8, 5, 2] 26.39
[12, 12, 8, 8] 8.11
[11, 2, 9, 2] 13.4
[2, 3, 5, 2] 14.01
[4, 5, 9, 7] 13.6
[12, 12, 2, 6] 6.24
[5, 5, 6, 6] 8.32
[4, 8, 4, 1] 7.16
[8, 5, 9, 12] 9.35
[3, 7, 9, 7] 16.81
[5, 4, 5, 2] 62.62
[4, 9, 6, 1] 9.9
[5, 3, 6, 2] 8.24
[5, 1, 7, 6] 7.36
[12, 1, 2, 2] 5.51
[8, 2, 8, 6] 24.93
[4, 7, 2, 3] 22.24
[8, 8, 4, 6] 11.71
[12, 5, 1, 7] 6.16
[6, 1, 12, 3] 12.55
[8, 1, 8, 5] 9.27
[11, 12, 5, 12] 7.68
[7, 1, 5, 11] 7.04
[12, 10, 3, 5] 8.18
[2, 3, 8, 10] 30.81
[12, 10, 3, 10] 7.95
[11, 4, 1, 8] 8.57
[9, 2, 1, 11] 9.71
[2, 3, 7, 4] 8.59
[2, 6, 2, 1] 5.98
[11, 11, 10, 12] 14.16
[4, 10, 4, 10] 28.17
[4, 7, 12, 12] 7.87
[4, 11, 3, 9] 13.44
[5, 12, 10, 4] 15.92
[6, 3, 2, 7] 13.84
[7, 8, 6, 4] 17.0
[4, 9, 1, 2] 7.14
[1, 1, 3, 9] 5.86
[3, 10, 4, 2] 9.83
[2, 2, 1, 4] 8.02
[3, 6, 2, 9] 9.78
[4, 12, 2, 1] 7.76
[10, 4, 6, 3] 5.98
[4, 3, 1, 7] 7.67
[4, 2, 11, 3] 8.38
[6, 5, 12, 6] 40.93
[7, 3, 8, 2] 20.74
[5, 7, 12, 1] 10.42
[9, 6, 9, 8] 9.48
[6, 7, 10, 8] 12.56
[9, 10, 3, 10] 7.32
[9, 10, 4, 2] 12.1
[12, 3, 9, 12] 10.54
[10, 8, 6, 2] 7.17
[2, 8, 6, 9] 11.29
[10, 11, 12, 3] 13.94
[10, 2, 1, 3] 4.35
[10, 5, 3, 4] 7.7
[5, 7, 3, 8] 15.41
[5, 8, 10, 12] 16.79
[4, 12, 2, 10] 12.69
[6, 9, 2, 12] 15.94
[12, 9, 11, 8] 8.65
[1, 6, 7, 9] 7.02
[7, 2, 6, 4] 11.9
[11, 10, 9, 3] 10.97
[4, 8, 4, 2] 8.88
[7, 12, 2, 8] 6.4
[4, 2, 11, 12] 12.38
[2, 12, 11, 3] 6.09
[2, 11, 9, 11] 7.96
[10, 7, 1, 7] 5.77
[11, 12, 2, 3] 7.55
[5, 10, 10, 6] 10.74
[6, 10, 9, 4] 14.44
[12, 6, 12, 6] 4.8
[5, 6, 9, 11] 62.6
[6, 11, 8, 6] 9.19
[10, 9, 3, 1] 11.78
[4, 12, 9, 3] 7.88
[6, 3, 5, 9] 8.66
[6, 11, 8, 6] 8.16
[2, 7, 8, 3] 12.92
[2, 9, 1, 11] 13.93
[2, 8, 11, 3] 7.44
[7, 9, 6, 9] 8.79
[7, 10, 10, 12] 23.65
[7, 9, 4, 6] 28.61
[4, 11, 11, 5] 8.54
[1, 4, 5, 1] 11.4
[3, 9, 7, 11] 7.23
[6, 8, 8, 3] 6.76
[2, 7, 6, 3] 7.29
[1, 10, 2, 1] 7.05
[4, 12, 10, 2] 9.82
[5, 10, 12, 3] 7.66
[4, 1, 9, 7] 8.32
[12, 3, 2, 3] 5.96
[4, 8, 8, 6] 9.76
[7, 10, 11, 3] 6.0
[4, 6, 7, 2] 10.1
[10, 12, 8, 3] 37.92
[11, 8, 3, 10] 11.25
[10, 4, 2, 2] 7.0
[8, 7, 7, 11] 11.22
[10, 12, 10, 4] 10.01
[6, 4, 4, 11] 16.28
[9, 2, 8, 9] 4.95
[10, 6, 5, 2] 10.76
[7, 12, 5, 4] 5.89
[5, 2, 5, 11] 7.18
[8, 9, 2, 3] 8.24
[2, 8, 7, 7] 7.03
[5, 1, 7, 9] 13.64
[2, 4, 9, 4] 17.1
[6, 9, 10, 9] 60.35
[8, 10, 3, 1] 8.55
[6, 8, 2, 12] 14.82
[11, 9, 10, 7] 10.67
[10, 4, 11, 8] 8.42
[10, 2, 9, 4] 14.03
[4, 6, 12, 11] 9.96
[12, 2, 12, 12] 8.92
[1, 9, 6, 5] 10.33
[10, 4, 8, 8] 10.26
[12, 2, 6, 2] 6.68
[10, 1, 12, 1] 5.95
[11, 8, 1, 7] 14.28
[7, 10, 12, 2] 37.43
[3, 10, 10, 6] 7.64
[5, 9, 3, 5] 11.66
[5, 4, 8, 1] 12.92
[7, 12, 4, 5] 7.52
[10, 11, 8, 4] 12.86
[1, 2, 6, 6] 6.19
[10, 6, 3, 2] 15.73
[2, 9, 8, 7] 45.03
[3, 1, 6, 10] 8.68
[4, 11, 1, 9] 5.92
[3, 10, 5, 12] 8.36
[11, 1, 2, 11] 6.29
[7, 1, 7, 3] 14.38
[7, 6, 3, 5] 7.38
[6, 12, 5, 8] 9.15
[2, 8, 8, 6] 12.04
[6, 2, 7, 4] 9.22
[6, 2, 4, 4] 12.98
[8, 6, 5, 2] 8.31
[7, 1, 10, 8] 18.45
[2, 8, 8, 5] 12.36
[8, 10, 11, 5] 12.29
[5, 10, 5, 9] 8.7
[11, 8, 11, 2] 8.69
[6, 3, 12, 5] 10.51
[10, 2, 10, 12] 6.22
[4, 5, 7, 10] 10.38
[1, 3, 4, 2] 6.25
[8, 1, 3, 4] 9.65
[8, 2, 1, 7] 8.45
[3, 6, 11, 10] 8.63
[7, 2, 12, 3] 8.51
[5, 11, 2, 9] 13.6
[12, 9, 7, 8] 20.4
[12, 8, 4, 11] 12.59
[9, 6, 6, 8] 12.54
[9, 3, 8, 12] 17.15
[8, 9, 12, 5] 10.21
[6, 2, 12, 3] 6.53
[9, 6, 12, 10] 7.86
[7, 5, 5, 4] 11.13
[4, 12, 2, 7] 61.49
[8, 9, 2, 3] 8.75
[1, 4, 2, 12] 6.01
[10, 3, 7, 10] 11.64
[4, 7, 3, 9] 7.69
[1, 2, 6, 2] 5.81
[8, 8, 12, 11] 13.18
[6, 4, 8, 8] 9.34
[4, 2, 4, 12] 7.67
[3, 4, 5, 11] 33.14
[9, 12, 1, 4] 9.09
[5, 2, 1, 8] 7.49
[9, 12, 10, 3] 11.43
[9, 5, 9, 4] 7.81
[3, 7, 5, 10] 15.05
[1, 9, 11, 2] 19.12
[1, 6, 2, 6] 7.24
[8, 2, 4, 7] 16.69
[2, 9, 11, 10] 33.96
[2, 3, 3, 10] 34.72
[10, 6, 6, 7] 13.44
[11, 12, 7, 2] 8.37
[5, 2, 4, 9] 10.58
[11, 1, 7, 8] 6.48
[1, 10, 9, 12] 9.33
[11, 3, 1, 6] 18.49
[3, 12, 5, 12] 8.32
[1, 9, 9, 5] 12.31
[9, 3, 7, 6] 17.41
[12, 4, 10, 5] 14.16
[11, 12, 10, 12] 8.81
[7, 1, 5, 12] 6.72
[6, 8, 9, 1] 8.74
[3, 2, 1, 10] 8.2
[3, 9, 10, 11] 9.54
[5, 1, 2, 4] 9.66
[3, 3, 12, 2] 7.07
[10, 4, 5, 11] 19.14
[12, 7, 11, 7] 6.87
[12, 8, 4, 8] 32.0
[6, 8, 9, 3] 25.43
[4, 7, 2, 9] 8.61
[3, 1, 10, 9] 21.47
[4, 2, 11, 5] 6.94
[8, 1, 5, 7] 8.95
[6, 8, 8, 8] 9.85
[1, 1, 1, 12] 5.85
[5, 12, 1, 9] 28.9
[11, 11, 3, 7] 18.57
[4, 11, 3, 5] 22.91
[7, 10, 11, 5] 39.73
[2, 5, 9, 10] 15.29
[5, 5, 2, 11] 7.19
[12, 9, 4, 6] 33.99
[9, 2, 1, 2] 9.26
[5, 2, 11, 2] 9.64
[9, 4, 5, 7] 16.99
[8, 2, 5, 9] 9.93
[11, 8, 8, 6] 11.03
[8, 6, 5, 8] 11.74
[5, 5, 6, 3] 10.75
[7, 6, 11, 1] 14.82
[4, 3, 7, 2] 14.73
[4, 12, 8, 11] 9.12
[2, 7, 6, 11] 11.48
[4, 3, 6, 12] 20.08
[2, 10, 9, 5] 11.37
[2, 7, 6, 1] 12.17
[6, 5, 4, 10] 15.66
[6, 12, 6, 8] 14.6
[1, 2, 3, 12] 13.69
[3, 6, 12, 2] 25.61
[6, 3, 9, 7] 10.17
[1, 7, 10, 1] 11.8
[3, 1, 8, 4] 20.55
[1, 5, 12, 8] 7.34
[6, 11, 2, 8] 14.53
[9, 6, 12, 7] 39.64
[7, 5, 1, 2] 8.44
[6, 12, 10, 11] 35.71
[6, 10, 9, 11] 17.25
[10, 2, 8, 3] 14.75
[3, 3, 5, 5] 8.1
[6, 4, 1, 4] 26.82
[2, 8, 12, 2] 13.53
[8, 1, 4, 12] 9.7
[1, 6, 3, 3] 10.38
[3, 1, 9, 4] 10.15
[2, 8, 4, 5] 10.93
[2, 3, 1, 5] 6.78
[10, 10, 12, 3] 9.81
[2, 5, 9, 12] 12.81
[2, 7, 6, 8] 7.9
[2, 10, 5, 3] 8.8
[1, 10, 2, 11] 8.12
[11, 8, 4, 10] 12.08
[9, 4, 6, 5] 14.87
[5, 12, 8, 2] 8.85
[11, 3, 6, 10] 15.8
[6, 9, 8, 3] 10.29
[10, 1, 5, 5] 11.9
[12, 12, 9, 10] 11.75
[4, 3, 3, 8] 12.05
[6, 3, 6, 4] 15.39
[12, 8, 1, 5] 12.13
[12, 1, 9, 7] 8.3
[4, 1, 4, 11] 10.84
[8, 12, 11, 8] 35.63
[7, 3, 12, 2] 8.57
[2, 2, 10, 6] 11.33
[4, 8, 9, 2] 78.89
[4, 6, 4, 8] 12.81
[10, 6, 11, 3] 7.35
[9, 6, 6, 6] 11.63
[10, 4, 8, 5] 15.25
[2, 4, 3, 7] 14.5
[11, 11, 3, 12] 68.26
[3, 9, 12, 4] 18.49
[1, 3, 8, 7] 8.91
[8, 4, 7, 10] 13.63
[4, 12, 7, 3] 18.47
[4, 1, 6, 11] 6.7
[10, 1, 9, 12] 6.12
[7, 1, 4, 8] 6.94
[11, 2, 10, 11] 16.51
[1, 5, 3, 12] 8.82
[4, 11, 7, 8] 13.83
[7, 6, 6, 12] 17.61
[12, 1, 8, 5] 6.85
[3, 11, 3, 12] 8.03
[5, 3, 3, 10] 8.66
[11, 5, 2, 3] 10.31
[10, 6, 7, 3] 13.11
[9, 9, 4, 7] 9.61
[12, 3, 3, 1] 5.86
[6, 4, 1, 8] 4.28
[11, 8, 12, 3] 4.66
[9, 12, 4, 12] 10.38
[2, 3, 9, 8] 8.64
[2, 5, 1, 4] 65.9
[10, 1, 12, 12] 4.26
[3, 7, 11, 12] 4.9
[7, 11, 11, 4] 7.46
[6, 10, 6, 2] 23.68
[5, 4, 1, 12] 5.33
[7, 10, 12, 2] 40.47
[10, 11, 9, 12] 24.35
[2, 4, 4, 12] 4.58
[10, 7, 11, 3] 5.08
[4, 11, 1, 8] 9.14
[3, 9, 10, 3] 9.39
[9, 6, 11, 8] 37.64
[7, 8, 1, 9] 4.41
[1, 2, 1, 8] 3.48
[9, 3, 12, 9] 3.56
[2, 10, 11, 6] 13.68
[3, 12, 12, 9] 9.63
[11, 7, 2, 12] 6.94
[9, 8, 12, 11] 3.81
[7, 12, 2, 12] 8.93
[12, 12, 9, 1] 5.89
[12, 10, 7, 6] 8.11
[6, 3, 5, 11] 8.83
[8, 4, 9, 11] 6.59
[1, 12, 11, 9] 6.76
[3, 3, 6, 8] 11.29
[5, 1, 1, 8] 3.72
[12, 8, 4, 8] 7.5
[4, 9, 2, 1] 5.15
[4, 5, 9, 6] 15.49
[2, 12, 3, 1] 3.45
[2, 1, 4, 11] 6.64
[9, 12, 3, 3] 9.35
[10, 11, 2, 12] 7.41
[8, 9, 8, 4] 5.9
[10, 4, 11, 7] 7.24
[4, 12, 6, 12] 5.51
[9, 11, 5, 1] 8.27
[3, 3, 2, 9] 16.24
[12, 6, 12, 5] 4.33
[6, 4, 6, 10] 16.44
[4, 12, 5, 1] 4.97
[5, 10, 1, 5] 4.95
[11, 1, 8, 7] 5.17
[3, 9, 7, 7] 7.88
[8, 2, 3, 10] 7.55
[10, 12, 3, 10] 4.62
[8, 10, 11, 6] 14.59
[10, 2, 11, 12] 6.05
[10, 5, 10, 1] 6.28
[11, 6, 2, 9] 7.85
[12, 8, 1, 11] 9.82
[9, 5, 7, 10] 7.73
[9, 10, 7, 12] 13.51
[2, 3, 9, 2] 5.34
[1, 10, 2, 2] 4.0
[7, 12, 1, 12] 7.31
[6, 4, 5, 8] 13.21
[11, 7, 6, 11] 23.64
[8, 3, 11, 9] 8.77
[8, 6, 12, 5] 6.09
[9, 4, 11, 10] 6.28
[4, 1, 2, 7] 8.16
[6, 10, 8, 1] 5.31
[9, 12, 10, 1] 6.09
[3, 5, 3, 2] 9.77
[5, 4, 8, 2] 8.55
[11, 6, 2, 3] 4.49
[5, 10, 2, 6] 9.07
[3, 11, 1, 11] 9.12
[4, 9, 7, 5] 16.25
[10, 1, 5, 11] 7.85
[7, 12, 6, 11] 4.92
[4, 5, 1, 4] 5.52
[6, 9, 5, 8] 4.33
[12, 5, 9, 6] 5.56
[4, 7, 3, 2] 13.46
[11, 10, 2, 12] 6.46
[9, 8, 4, 11] 5.89
[7, 1, 12, 5] 8.75
[5, 10, 12, 7] 4.97
[12, 8, 8, 2] 3.95
[7, 8, 9, 1] 5.29
[5, 6, 6, 5] 4.73
[9, 12, 9, 6] 10.31
[11, 12, 1, 9] 4.62
[11, 12, 2, 6] 8.0
[2, 5, 8, 2] 14.88
[10, 10, 6, 3] 5.3
[7, 9, 6, 1] 9.85
[3, 7, 2, 8] 18.24
[8, 12, 8, 11] 7.29
[1, 10, 3, 1] 5.66
[10, 9, 7, 11] 12.84
[3, 6, 3, 11] 7.57
[2, 5, 10, 2] 5.65
[10, 8, 8, 1] 5.21
[11, 1, 4, 3] 10.18
[9, 4, 5, 5] 7.09
[10, 6, 11, 4] 5.6
[10, 11, 8, 2] 5.34
[7, 3, 10, 10] 5.89
[5, 3, 11, 8] 4.62
[6, 6, 2, 10] 6.38
[11, 1, 3, 4] 6.71
[3, 9, 7, 10] 4.21
[1, 11, 3, 2] 4.8
[6, 12, 4, 4] 6.01
[1, 3, 8, 7] 4.09
[9, 6, 9, 2] 7.79
[3, 12, 8, 2] 5.39
[7, 9, 3, 9] 10.96
[5, 7, 8, 3] 5.92
[5, 5, 3, 3] 4.95
[10, 12, 1, 6] 6.82
[9, 9, 3, 10] 6.28
[6, 9, 6, 7] 11.31
[2, 12, 7, 3] 12.37
[8, 6, 4, 4] 6.68
[2, 10, 6, 12] 10.16
[2, 7, 4, 4] 6.7
[7, 1, 4, 6] 18.95
[2, 7, 5, 5] 31.72
[11, 4, 5, 2] 4.09
[10, 9, 3, 8] 8.45
[3, 9, 4, 4] 5.1
[5, 7, 4, 12] 4.64
[11, 10, 3, 1] 5.76
[9, 4, 3, 8] 7.17
[6, 2, 9, 1] 4.27
[12, 5, 10, 4] 7.1
[5, 2, 11, 4] 6.22
[7, 12, 1, 12] 5.06
[3, 9, 8, 3] 7.88
[4, 9, 1, 2] 6.27
[9, 12, 1, 5] 5.01
[2, 5, 2, 7] 12.67
[9, 10, 2, 12] 5.22
[4, 11, 6, 10] 5.18
[12, 11, 7, 4] 12.51
[8, 10, 9, 3] 8.81
[2, 1, 9, 3] 7.29
[3, 4, 12, 8] 7.75
[8, 11, 12, 9] 6.29
[2, 9, 9, 12] 3.59
[4, 10, 12, 1] 5.93
[8, 11, 12, 5] 6.87
[8, 7, 7, 2] 6.25
[12, 6, 8, 3] 18.12
[12, 7, 5, 10] 5.89
[11, 11, 9, 1] 5.98
[1, 6, 6, 2] 4.17
[12, 1, 6, 11] 8.35
[7, 2, 11, 10] 6.62
[5, 8, 8, 8] 7.26
[12, 11, 2, 12] 6.86
[3, 12, 12, 3] 4.94
[1, 8, 9, 3] 7.7
[5, 5, 10, 8] 13.94
[12, 3, 5, 9] 18.1
[5, 3, 5, 3] 9.79
[6, 2, 1, 2] 4.08
[1, 1, 4, 6] 5.31
[7, 4, 11, 2] 67.04
[9, 8, 7, 4] 4.7
[11, 11, 11, 12] 5.66
[12, 7, 8, 3] 5.79
[8, 6, 12, 10] 5.53
[5, 2, 3, 7] 5.02
[4, 1, 3, 7] 7.75
[2, 1, 4, 7] 5.06
[6, 7, 1, 12] 11.58
[2, 11, 5, 10] 7.52
[9, 4, 10, 7] 8.46
[4, 9, 1, 3] 4.18
[6, 2, 9, 3] 4.84
[7, 10, 2, 3] 16.42
[3, 4, 2, 7] 15.44
[11, 9, 4, 8] 6.14
[11, 7, 1, 2] 4.86
[6, 11, 8, 6] 6.24
[9, 1, 11, 4] 5.05
[9, 2, 6, 4] 5.16
[9, 3, 10, 3] 11.8
[2, 3, 6, 5] 4.84
[8, 12, 8, 3] 4.1
[9, 2, 9, 6] 7.67
[6, 10, 11, 4] 12.13
[1, 5, 7, 8] 4.63
[2, 12, 12, 2] 6.97
[10, 2, 1, 4] 4.52
[2, 9, 10, 8] 5.01
[11, 1, 6, 7] 5.03
[8, 1, 7, 12] 7.53
[10, 12, 12, 6] 10.84
[4, 1, 5, 5] 7.0
[3, 12, 5, 3] 9.55
[6, 10, 12, 6] 5.39
[11, 3, 2, 11] 36.98
[8, 2, 10, 5] 8.52
[12, 12, 1, 4] 5.15
[2, 10, 1, 1] 3.81
[2, 10, 11, 11] 7.8
[12, 11, 9, 12] 8.25
[12, 2, 6, 5] 4.49
[7, 6, 8, 2] 4.99
[11, 10, 11, 5] 5.3
[6, 8, 3, 5] 6.16
[9, 10, 5, 7] 5.49
[1, 2, 12, 9] 8.28
[1, 6, 4, 12] 4.98
[5, 12, 9, 1] 4.91
[11, 2, 10, 7] 10.84
[12, 12, 7, 2] 10.5
[11, 11, 9, 4] 18.05
[2, 8, 9, 12] 3.95
[10, 12, 10, 8] 5.93
[7, 10, 8, 4] 11.72
[1, 12, 7, 10] 8.36
[5, 5, 4, 9] 7.53
[10, 2, 7, 9] 8.18
[8, 6, 7, 5] 10.18
[2, 7, 4, 8] 16.29
[5, 6, 3, 9] 5.11
[5, 6, 6, 7] 5.24
[4, 1, 7, 8] 4.55
[2, 7, 7, 3] 29.74
[4, 12, 3, 1] 10.38
[2, 8, 6, 3] 19.76
[6, 3, 6, 12] 5.51
[6, 9, 3, 9] 8.22
[7, 4, 3, 1] 6.75
[9, 4, 10, 7] 4.61
[11, 8, 6, 11] 5.0
[3, 7, 5, 11] 10.17
[3, 2, 3, 12] 17.25
[3, 9, 5, 2] 25.8
[8, 5, 12, 11] 9.26
[12, 1, 6, 6] 3.69
[2, 3, 6, 1] 4.26
[1, 7, 11, 2] 5.37
[8, 1, 11, 10] 11.93
[10, 3, 7, 2] 14.33
[3, 3, 2, 6] 5.08
[4, 5, 11, 4] 24.45
[5, 2, 4, 1] 8.52
[3, 3, 1, 12] 3.06
[1, 8, 12, 9] 10.85
[11, 11, 9, 3] 40.12
[9, 12, 10, 1] 4.77
[8, 1, 4, 7] 3.56
[1, 11, 4, 4] 6.09
[3, 3, 9, 7] 12.85
[11, 5, 7, 3] 10.2
[2, 4, 6, 5] 14.88
[12, 7, 6, 11] 4.79
[12, 12, 10, 11] 5.98
[1, 11, 11, 3] 10.81
[4, 5, 5, 3] 5.0
[5, 3, 1, 7] 4.58
[2, 2, 5, 12] 7.1
[4, 5, 9, 12] 32.17
[4, 2, 6, 12] 6.1
[11, 2, 9, 5] 10.99
[8, 2, 10, 1] 5.18
[4, 9, 10, 2] 17.78
[9, 4, 9, 5] 3.92
[10, 3, 6, 1] 9.35
[3, 5, 7, 6] 5.43
[11, 1, 5, 5] 8.38
[4, 11, 7, 8] 13.69
[4, 6, 12, 1] 4.49
[5, 2, 10, 2] 7.28
[9, 1, 4, 7] 7.83
[11, 5, 10, 2] 6.08
[3, 3, 1, 10] 6.85
[5, 2, 12, 11] 6.86
[6, 4, 11, 10] 4.76
[11, 4, 8, 7] 12.34
[3, 6, 12, 1] 3.55
[8, 12, 3, 4] 7.12
[6, 9, 9, 1] 9.36
[12, 6, 10, 6] 4.8
[4, 10, 4, 6] 6.62
[7, 7, 9, 10] 9.08
[12, 8, 12, 7] 4.23
[8, 7, 8, 1] 6.29
[11, 4, 2, 2] 6.12
[4, 6, 10, 9] 4.8
[4, 1, 3, 8] 7.58
[4, 6, 5, 8] 4.86
[1, 3, 3, 12] 14.36
[7, 1, 3, 8] 4.84
[7, 10, 4, 11] 5.25
[12, 11, 4, 9] 7.66
[1, 2, 6, 5] 4.82
[3, 10, 10, 1] 6.32
[9, 9, 12, 4] 25.68
[4, 10, 10, 12] 4.58
[11, 1, 4, 5] 6.1
[5, 4, 3, 11] 13.41
[2, 11, 8, 6] 6.03
[2, 6, 1, 8] 4.64
[2, 6, 6, 9] 12.33
[9, 5, 1, 9] 11.66
[7, 4, 2, 3] 9.37
[2, 6, 5, 10] 6.65
[6, 6, 1, 4] 4.67
[12, 4, 4, 1] 3.43
[12, 10, 5, 10] 7.18
[1, 9, 9, 7] 10.22
[12, 7, 9, 8] 11.33
[12, 8, 1, 3] 4.74
[1, 11, 2, 3] 4.56
[9, 5, 1, 4] 7.69
[4, 3, 8, 11] 6.52
[1, 3, 8, 2] 15.82
[3, 3, 9, 8] 10.11
[8, 9, 3, 10] 5.83
[3, 9, 8, 6] 4.69
[8, 4, 3, 10] 7.08
[11, 6, 12, 11] 11.62
[7, 12, 2, 6] 4.32
[6, 2, 8, 6] 4.34
[4, 2, 7, 2] 5.79
[9, 8, 11, 8] 6.47
[9, 8, 12, 9] 6.71
[4, 5, 3, 1] 9.08
[2, 3, 5, 8] 7.4
[6, 8, 10, 9] 9.39
[7, 11, 4, 10] 5.33
[12, 11, 6, 8] 11.15
[3, 12, 8, 8] 4.7
[4, 1, 4, 8] 5.19
[1, 12, 4, 7] 3.49
[4, 10, 2, 9] 10.77
[5, 5, 3, 11] 8.85
[10, 9, 4, 7] 9.08
[2, 5, 4, 3] 6.37
[5, 3, 4, 6] 14.09
[3, 9, 8, 7] 5.76
[7, 10, 6, 2] 8.06
[4, 11, 12, 5] 4.35
[6, 11, 11, 12] 6.82
[5, 2, 3, 9] 6.0
[2, 12, 9, 5] 5.42
[6, 11, 7, 12] 6.49
[5, 7, 7, 9] 10.9
[12, 12, 8, 11] 5.68
[1, 2, 6, 9] 5.3
[5, 7, 7, 2] 24.14
[10, 10, 6, 7] 9.67
[11, 3, 3, 7] 7.38
[7, 7, 6, 10] 16.28
[9, 9, 3, 9] 9.6
[7, 4, 2, 5] 11.3
[10, 5, 10, 3] 13.42
[7, 7, 11, 4] 7.42
[3, 8, 7, 9] 4.98
[1, 9, 5, 2] 8.94
[3, 7, 1, 9] 4.63
[8, 1, 3, 1] 3.53
[3, 9, 5, 6] 5.27
[10, 2, 3, 2] 13.86
[1, 9, 12, 2] 6.39
[2, 5, 6, 8] 14.81
[6, 2, 12, 11] 7.68
[9, 1, 8, 2] 11.06
[1, 8, 12, 9] 6.39
[9, 4, 2, 9] 7.33
[2, 6, 4, 12] 5.07
[6, 12, 11, 2] 24.17
[5, 3, 3, 1] 6.02
[9, 3, 6, 7] 5.74
[1, 4, 1, 5] 3.52
[4, 8, 10, 6] 7.83
[2, 10, 6, 2] 5.21
[7, 7, 10, 9] 7.36
[6, 10, 7, 7] 23.54
[8, 10, 3, 6] 24.3
[4, 3, 8, 3] 4.57
[8, 9, 2, 8] 8.3
[11, 4, 11, 5] 4.32
[2, 12, 8, 8] 9.38
[6, 4, 11, 11] 5.75
[7, 1, 4, 8] 3.79
[2, 3, 3, 11] 7.72
[10, 12, 2, 6] 6.86
[12, 12, 1, 5] 6.12
[5, 6, 11, 3] 7.57
[4, 12, 12, 8] 6.38
[6, 10, 7, 3] 17.33
[6, 2, 6, 3] 7.97
[5, 6, 9, 8] 3.84
[8, 3, 4, 4] 6.14
[9, 10, 5, 1] 4.5
[2, 10, 3, 10] 8.15
[12, 1, 6, 5] 8.82
[3, 8, 2, 1] 9.31
[5, 9, 2, 3] 6.31
[10, 2, 4, 3] 7.93
[2, 7, 6, 5] 8.22
[1, 4, 11, 3] 13.4
[11, 8, 10, 6] 8.2
[5, 2, 11, 10] 10.15
[1, 5, 2, 4] 9.56
[10, 6, 8, 5] 7.7
[8, 6, 3, 2] 15.04
[3, 6, 5, 6] 7.47
[7, 2, 5, 11] 13.2
[10, 5, 8, 7] 6.81
[8, 1, 6, 10] 4.14
[5, 8, 6, 3] 6.77
[7, 10, 6, 2] 7.94
[1, 10, 7, 9] 6.45
[4, 6, 4, 3] 6.71
[9, 3, 4, 5] 5.8
[12, 8, 3, 7] 6.09
[2, 1, 11, 6] 6.75
[7, 2, 2, 2] 17.47
[12, 10, 5, 4] 6.56
[12, 12, 3, 12] 8.81
[11, 9, 7, 2] 6.15
[8, 6, 6, 3] 13.53
[9, 1, 8, 5] 4.13
[10, 10, 1, 5] 4.88
[4, 10, 10, 6] 4.75
[5, 8, 2, 9] 7.6
[12, 1, 10, 9] 6.15
[12, 8, 1, 5] 4.7
[12, 8, 11, 6] 9.01
[7, 2, 11, 9] 9.93
[3, 11, 7, 4] 6.76
[6, 1, 6, 12] 4.36
[12, 8, 3, 9] 4.7
[1, 10, 3, 12] 6.02
[3, 6, 10, 8] 7.8
[5, 1, 6, 12] 4.63
[2, 12, 4, 8] 5.4
[3, 8, 8, 9] 5.05
[1, 2, 12, 3] 4.7
[5, 7, 8, 5] 9.13
[10, 5, 3, 4] 6.97
[8, 11, 12, 12] 6.08
[1, 7, 11, 6] 6.02
[12, 6, 8, 5] 7.14
[9, 10, 1, 7] 5.89
[6, 10, 4, 12] 4.85
[9, 7, 12, 6] 6.33
[5, 3, 9, 5] 7.47
[7, 11, 7, 1] 5.07
[3, 2, 4, 1] 4.21
[6, 4, 10, 1] 17.74
[8, 7, 9, 1] 5.55
[3, 7, 8, 11] 6.71
[3, 3, 5, 6] 7.74
[11, 11, 12, 1] 5.13
[7, 4, 11, 11] 7.73
[7, 1, 12, 6] 6.24
[3, 2, 11, 3] 9.79
[10, 10, 5, 2] 9.28
[5, 1, 3, 12] 4.35
[10, 12, 7, 6] 6.21
[12, 12, 5, 3] 6.69
[10, 1, 6, 4] 6.64
[12, 1, 12, 5] 4.97
[2, 12, 7, 7] 3.49
[11, 8, 12, 4] 6.16
[7, 6, 12, 9] 7.45
[2, 1, 5, 6] 4.82
[2, 12, 8, 7] 4.07
[12, 4, 12, 12] 6.8
[5, 7, 11, 11] 7.14
[2, 3, 2, 4] 33.74
[10, 7, 4, 9] 9.5
[3, 4, 6, 3] 6.57
[8, 4, 1, 2] 9.84
[2, 1, 6, 2] 4.01
[4, 3, 7, 1] 7.4
[3, 4, 8, 5] 5.26
[11, 7, 2, 9] 5.25
[7, 7, 9, 3] 6.59
[10, 4, 11, 12] 14.37
[4, 4, 2, 9] 7.02
[1, 3, 9, 9] 16.06
[9, 10, 5, 1] 4.43
[10, 11, 1, 4] 5.66
[11, 1, 7, 7] 5.36
[5, 3, 4, 12] 4.12
[5, 10, 6, 2] 14.19
[9, 5, 2, 7] 11.32
[9, 6, 5, 7] 12.22
[9, 2, 4, 3] 6.31
[7, 1, 9, 7] 7.58
[10, 5, 5, 8] 5.19
[7, 10, 3, 4] 6.91
[2, 5, 6, 4] 6.27
[6, 12, 3, 3] 17.6
[3, 10, 1, 12] 8.51
[9, 6, 2, 3] 9.42
[7, 1, 4, 8] 4.2
[2, 6, 3, 2] 20.05
[9, 12, 12, 1] 5.49
[2, 1, 10, 8] 13.27
[6, 11, 12, 11] 12.57
[5, 11, 3, 1] 4.2
[5, 4, 3, 11] 12.98
[11, 7, 11, 4] 6.98
[5, 8, 12, 1] 4.09
[7, 11, 2, 1] 6.48
[6, 1, 1, 6] 4.17
[11, 5, 4, 6] 19.15
[1, 4, 7, 3] 6.89
[7, 6, 2, 11] 4.77
[6, 2, 9, 11] 6.78
[7, 1, 12, 3] 7.02
[7, 4, 6, 2] 9.25
[1, 1, 4, 12] 3.44
[7, 5, 3, 11] 9.59
[5, 8, 4, 10] 6.08
[3, 9, 2, 5] 6.44
[6, 2, 12, 7] 4.15
[3, 1, 4, 2] 4.36
[10, 7, 2, 1] 6.92
[7, 2, 10, 10] 6.71
[10, 12, 4, 11] 14.87
[4, 7, 2, 10] 8.0
[6, 7, 12, 9] 16.41
[8, 10, 4, 5] 5.64
[1, 12, 3, 8] 4.94
[6, 2, 6, 11] 8.44
[3, 2, 5, 2] 20.33
[4, 2, 3, 8] 6.42
[6, 5, 9, 3] 5.62
[12, 12, 7, 2] 11.17
[6, 6, 9, 1] 13.15
[5, 7, 5, 2] 25.53
[5, 8, 9, 8] 5.44
[12, 7, 2, 12] 6.89
[4, 7, 8, 8] 9.14
[1, 12, 9, 5] 4.31
[12, 3, 4, 4] 18.04
[11, 12, 1, 2] 5.38
[8, 2, 11, 11] 7.19
[12, 6, 4, 11] 12.31
[4, 3, 7, 2] 7.49
[10, 11, 5, 3] 15.09
[4, 4, 6, 9] 7.47
[6, 6, 9, 5] 10.04
[10, 5, 7, 10] 9.54
[8, 3, 5, 6] 4.76
[2, 7, 1, 4] 6.57
[10, 4, 11, 12] 15.02
[1, 4, 12, 9] 5.29
[4, 6, 5, 11] 9.17
[1, 4, 4, 5] 4.24
[11, 5, 8, 3] 7.25
[7, 1, 2, 8] 4.99
[12, 10, 7, 9] 4.29
[7, 11, 1, 2] 6.04
[5, 7, 12, 4] 14.12
[1, 3, 12, 6] 4.16
[6, 2, 7, 6] 9.69
[12, 5, 8, 10] 5.73
[3, 12, 1, 3] 4.9
[10, 6, 9, 4] 5.65
[5, 7, 7, 5] 5.39
[8, 2, 10, 6] 6.76
[4, 11, 3, 7] 7.07
[2, 11, 8, 11] 11.67
[9, 5, 10, 5] 6.91
[1, 4, 5, 2] 4.58
[1, 10, 3, 7] 8.1
[5, 8, 7, 4] 4.49
[1, 4, 4, 9] 3.85
[4, 2, 8, 10] 6.06
[1, 12, 12, 6] 5.74
[11, 5, 7, 2] 6.44
[10, 11, 4, 7] 6.49
[8, 6, 9, 4] 6.75
[12, 5, 5, 2] 4.6
[4, 6, 8, 8] 4.84
[8, 3, 3, 9] 4.91
[4, 6, 11, 3] 8.31
[5, 9, 4, 10] 5.55
[4, 4, 12, 12] 5.69
[12, 1, 9, 8] 4.51
[7, 5, 4, 6] 11.46
[4, 7, 1, 8] 4.31
[3, 2, 3, 7] 4.39
[2, 12, 8, 11] 7.7
[2, 2, 11, 6] 12.17
[11, 1, 4, 2] 5.29
[5, 4, 11, 6] 10.03
[8, 11, 1, 5] 8.46
[7, 1, 12, 5] 4.09
[11, 4, 10, 2] 6.59
[2, 7, 12, 6] 12.13
[1, 12, 6, 9] 3.3
[3, 4, 7, 1] 5.27
[12, 4, 8, 7] 6.62
[1, 4, 4, 1] 4.53
[12, 3, 10, 4] 9.21
[12, 1, 3, 4] 3.61
[8, 7, 9, 10] 11.89
[7, 2, 9, 8] 13.51
[6, 3, 1, 12] 3.7
[2, 11, 2, 4] 5.14
[5, 3, 1, 11] 7.11
[3, 8, 2, 8] 7.87
[12, 3, 7, 12] 8.02
[8, 3, 4, 12] 10.71
[10, 2, 4, 1] 9.17
[2, 3, 6, 2] 5.2
[1, 3, 4, 5] 5.51
[11, 4, 10, 2] 8.15
[6, 9, 2, 1] 5.77
[11, 7, 1, 7] 4.29
[4, 5, 1, 1] 4.0
[9, 4, 10, 1] 5.99
[12, 4, 6, 12] 16.49
[6, 7, 12, 12] 14.14
[5, 10, 11, 6] 7.26
[12, 5, 1, 11] 8.02
[6, 6, 7, 5] 6.56
[9, 6, 6, 8] 6.1
[4, 4, 9, 1] 7.03
[7, 8, 11, 1] 7.81
[11, 1, 4, 3] 6.84
[4, 11, 11, 5] 4.45
[8, 7, 9, 3] 5.08
[2, 4, 5, 7] 4.89
[7, 2, 7, 11] 5.01
[7, 5, 1, 10] 11.31
[11, 11, 8, 6] 12.96
[11, 4, 10, 5] 8.96
[8, 12, 12, 4] 18.19
[3, 7, 12, 8] 4.85
[8, 7, 10, 8] 7.39
[6, 7, 4, 5] 7.34
[9, 5, 10, 3] 7.69
[3, 7, 9, 6] 5.47
[12, 2, 3, 4] 5.06
[4, 4, 7, 10] 6.73
[10, 1, 8, 12] 3.59
[7, 12, 2, 11] 6.61
[8, 11, 8, 3] 4.97
[8, 6, 1, 1] 4.23
[11, 3, 1, 12] 9.45
[6, 2, 3, 8] 17.0
[7, 4, 5, 6] 4.9
[11, 5, 6, 4] 8.99
[1, 4, 10, 12] 6.7
[5, 4, 7, 11] 7.72
[12, 3, 10, 5] 7.42
[1, 4, 6, 7] 6.72
[4, 6, 10, 3] 4.17
[6, 8, 11, 11] 5.67
[2, 3, 4, 1] 4.12
[4, 11, 3, 2] 5.15
[1, 5, 10, 5] 5.17
[11, 5, 8, 3] 5.73
[11, 5, 4, 12] 4.55
[11, 7, 9, 12] 12.81
[2, 12, 11, 1] 8.39
[2, 12, 3, 1] 5.89
[2, 6, 7, 11] 4.4
[1, 6, 10, 9] 7.07
[2, 10, 10, 3] 6.86
[2, 1, 5, 2] 4.33
[7, 12, 1, 8] 4.51
[4, 11, 3, 3] 12.98
[8, 9, 1, 11] 5.08
[10, 11, 3, 9] 5.83
[3, 8, 9, 12] 16.9
[9, 7, 8, 3] 6.72
[3, 8, 8, 6] 6.12
[9, 3, 5, 5] 8.1
[10, 10, 7, 12] 13.06
[8, 3, 12, 6] 9.52
[1, 7, 4, 8] 25.47
[1, 11, 1, 12] 6.9
[4, 2, 11, 1] 5.91
[3, 4, 9, 4] 5.8
[1, 3, 6, 7] 5.91
[1, 10, 11, 3] 4.82
[4, 3, 9, 8] 6.28
[10, 3, 9, 5] 7.18
[12, 11, 12, 11] 3.69
[6, 4, 7, 1] 5.18
[7, 3, 12, 7] 3.13
[12, 8, 5, 1] 3.84
[10, 1, 1, 7] 5.88
[10, 8, 10, 7] 6.53
[5, 3, 4, 3] 5.69
[4, 4, 2, 4] 14.65
[10, 11, 5, 4] 4.2
[3, 10, 2, 12] 8.79
[12, 4, 1, 4] 3.38
[11, 11, 3, 8] 13.29
[9, 2, 10, 5] 13.11
[3, 9, 8, 3] 5.51
[11, 11, 1, 3] 6.2
[4, 10, 5, 9] 6.57
[5, 3, 4, 7] 4.96
[11, 12, 1, 2] 12.48
[8, 2, 6, 2] 8.84
[6, 5, 8, 10] 6.31
[9, 7, 3, 10] 5.88
[2, 12, 8, 11] 7.01
[4, 11, 7, 1] 23.22
[4, 2, 8, 2] 13.58
[3, 11, 3, 6] 11.91
[12, 8, 10, 10] 9.16
[1, 5, 1, 7] 5.88
[5, 11, 11, 5] 5.26
[3, 12, 6, 1] 3.22
[6, 12, 3, 3] 15.31
[2, 6, 3, 5] 8.37
[4, 6, 4, 10] 10.46
[6, 4, 8, 1] 4.26
[2, 5, 9, 5] 14.16
[2, 11, 7, 12] 6.83
[3, 2, 2, 12] 3.79
[3, 12, 1, 6] 9.11
[3, 8, 11, 11] 5.34
[3, 12, 6, 11] 6.6
[10, 6, 10, 10] 6.32
[2, 4, 2, 8] 6.99
[2, 7, 8, 11] 4.77
[6, 4, 8, 2] 5.35
[6, 10, 2, 8] 6.15
[4, 10, 7, 2] 7.25
[6, 2, 2, 9] 18.73
[3, 7, 10, 7] 6.09
[9, 5, 7, 11] 18.52
[1, 6, 7, 2] 5.85
[12, 12, 7, 7] 8.7
[1, 1, 4, 5] 3.71
[3, 7, 8, 6] 6.67
[7, 1, 12, 8] 3.65
[1, 6, 2, 2] 3.45
[7, 1, 10, 6] 6.12
[1, 8, 12, 7] 4.93
[3, 2, 3, 10] 10.84
[6, 10, 6, 2] 5.1
[11, 5, 4, 11] 7.0
[8, 7, 3, 2] 17.68
[7, 7, 3, 10] 14.14
[12, 5, 6, 12] 6.59
[1, 12, 5, 11] 5.7
[4, 10, 3, 1] 6.6
[4, 7, 2, 8] 15.27
[5, 4, 6, 11] 10.83
[12, 8, 5, 9] 6.91
[3, 2, 1, 10] 4.6
[6, 11, 1, 6] 5.04
[7, 5, 5, 6] 10.06
[3, 8, 7, 6] 12.98
[11, 11, 2, 12] 3.95
[4, 11, 2, 2] 5.41
[3, 5, 12, 6] 4.26
[5, 5, 9, 9] 4.5
[11, 11, 12, 6] 6.88
[1, 3, 2, 6] 4.09
[10, 6, 5, 2] 5.03
[5, 3, 2, 10] 12.59
[1, 3, 6, 9] 6.86
[12, 10, 4, 12] 8.03
[9, 7, 8, 8] 18.0
[10, 1, 2, 7] 4.83
[12, 8, 2, 7] 4.01
[6, 4, 10, 11] 5.0
[9, 3, 7, 11] 7.77
[11, 11, 8, 2] 7.38
[8, 3, 8, 8] 9.19
[3, 5, 10, 12] 5.44
[7, 1, 5, 9] 8.45
[8, 4, 12, 7] 33.67
[4, 11, 11, 5] 8.16
[2, 6, 4, 4] 15.28
[8, 9, 10, 2] 5.33
[10, 7, 7, 3] 6.85
[3, 12, 1, 5] 4.29
[8, 12, 3, 6] 10.73
[12, 5, 6, 10] 7.41
[10, 2, 8, 8] 4.91
[8, 5, 10, 8] 5.21
[8, 5, 1, 10] 5.41
[11, 6, 3, 4] 15.2
[9, 12, 10, 12] 4.72
[2, 9, 12, 2] 13.57
[10, 12, 4, 11] 9.47
[3, 6, 8, 9] 11.11
[9, 11, 10, 7] 8.53
[12, 1, 5, 10] 5.84
[1, 9, 8, 12] 4.79
[4, 1, 7, 2] 4.7
[6, 9, 7, 12] 4.39
[9, 12, 6, 9] 15.3
[1, 11, 8, 12] 4.33
[3, 11, 1, 12] 5.67
[1, 1, 10, 2] 4.41
[7, 2, 9, 10] 4.85
[11, 10, 2, 8] 4.66
[3, 4, 2, 9] 9.04
[1, 9, 5, 4] 7.86
[10, 6, 5, 2] 6.38
[3, 11, 11, 9] 4.33
[12, 3, 5, 5] 8.13
[12, 2, 11, 12] 5.64
[12, 2, 8, 8] 6.6
[2, 2, 10, 1] 4.32
[11, 8, 8, 3] 6.2
[5, 10, 2, 2] 7.13
[2, 11, 9, 9] 4.46
[8, 2, 12, 10] 10.2
[10, 10, 5, 5] 5.08
[11, 9, 4, 1] 4.9
[2, 10, 8, 1] 4.31
[5, 7, 10, 1] 6.69
[6, 5, 3, 4] 5.68
[3, 1, 10, 4] 7.7
[9, 3, 12, 10] 8.53
[9, 5, 10, 1] 3.79
[8, 1, 12, 9] 3.13
[7, 6, 12, 2] 4.25
[4, 9, 6, 7] 16.99
[5, 12, 4, 1] 5.02
[10, 5, 7, 12] 6.21
[12, 9, 10, 4] 5.2
[8, 1, 3, 7] 4.62
[2, 8, 3, 11] 5.14
[6, 2, 12, 6] 7.23
[3, 5, 11, 10] 10.97
[4, 2, 12, 4] 5.16
[10, 4, 3, 8] 6.07
[8, 6, 2, 8] 10.22
[10, 3, 3, 1] 4.33
[4, 11, 12, 10] 13.38
[1, 6, 2, 2] 3.61
[1, 2, 4, 5] 4.7
[12, 12, 9, 1] 4.1
[7, 4, 12, 12] 3.85
[10, 12, 11, 10] 5.57
[6, 9, 3, 7] 6.63
[2, 2, 5, 5] 3.89
[10, 11, 2, 8] 5.0
[9, 9, 5, 6] 4.74
[9, 6, 8, 7] 7.31
[7, 10, 6, 4] 12.29
[3, 2, 2, 10] 9.85
[11, 3, 12, 1] 7.57
[4, 5, 1, 4] 7.94
[11, 11, 8, 4] 5.86
[7, 12, 3, 3] 8.11
[5, 8, 9, 7] 5.98
[3, 12, 5, 12] 5.59
[12, 6, 1, 11] 5.79
[9, 4, 8, 8] 6.27
[7, 5, 1, 6] 8.49
[12, 9, 7, 10] 13.78
[3, 10, 3, 3] 6.31
[5, 5, 11, 12] 5.06
[11, 12, 3, 4] 4.86
[2, 6, 7, 9] 14.6
[12, 4, 8, 1] 4.18
[6, 8, 6, 4] 4.63
[9, 5, 4, 8] 6.97
[9, 4, 4, 7] 12.75
[8, 10, 12, 10] 9.33
[9, 12, 11, 4] 5.06
[5, 3, 1, 12] 4.28
[8, 10, 3, 9] 5.48
[4, 2, 8, 12] 4.97
[5, 1, 2, 6] 7.33
[12, 8, 7, 11] 5.45
[6, 2, 8, 5] 4.65
[6, 8, 8, 10] 9.47
[1, 5, 9, 10] 7.6
[6, 2, 3, 11] 9.61
[9, 11, 7, 11] 5.57
[8, 6, 12, 1] 5.51
[2, 5, 7, 2] 6.13
[3, 1, 6, 7] 5.95
[2, 1, 1, 8] 3.92
[5, 2, 7, 8] 17.16
[3, 5, 5, 6] 4.33
[12, 3, 7, 3] 12.11
[1, 7, 5, 8] 4.13
[7, 8, 2, 7] 3.71
[5, 2, 8, 5] 3.7
[8, 7, 1, 4] 3.49
[5, 6, 1, 1] 4.37
[2, 8, 1, 3] 8.54
[4, 3, 4, 9] 8.43
