16.991465623434397
7.913810980318769
7.7694730637888
21.046086014224777
12.109370184067524
9.076629703688006
9.718048733991242
17.397460424774547
9.825624007823123
12.071666231849758
8.509279522198966
14.559305040852337
9.332150638721224
5.203128075688322
17.693406460800936
11.675752345671256
5.54558728648749
6.37180526336118
10.802547225520591
10.480623166316823
12.850431240712625
10.490305804937588
16.975424316805277
15.036033640800422
16.078229571182284
2.98815379566523
9.383900033587777
11.243947269922664
19.06589120745836
6.532578444519272
5.315337976354569
12.446541484507991
14.22993597454356
9.008276639513763
19.602625375086195
11.774272603448312
12.451260380189114
12.319742820099888
18.967520153276293
14.532527048518876
11.588618753566053
10.493245182918262
7.12483695395636
15.429460453224982
10.884949245950262
11.425785200909063
16.313542677315727
12.859044507718636
20.127522979124784
13.317302179243947
9.207599336924282
11.43790821010687
18.549007120985888
7.491744748609404
11.084893153577685
16.37043480690618
15.448410708880822
14.05355920578289
4.573846728191474
4.2249725611480935
9.979882634997152
18.380978689427142
10.80244391265873
13.33777508729046
10.586838215727562
17.867242545276298
6.497329988598513
11.300404723415921
11.6930669378301
6.936263192505821
12.496383434281332
11.010354859842744
9.577535078302898
11.144432502326655
12.03235974785495
13.5802647002696
15.919447133051715
12.464552097606644
16.23687932255806
15.877465914146605
10.590739895489955
6.343991853163581
13.227411167018865
12.067720558904842
13.696248031537424
7.269133058846892
8.678985928893306
11.503678476492228
10.078873434755886
4.318915081301006
8.414397696347475
8.495950148601935
10.09765586967098
7.6958479574622345
10.500237148543631
11.585849993859018
13.361186677017178
11.30880485529718
10.35165628904649
8.055753468225312
7.418599385155113
10.318364541497772
10.749677327724005
14.349963694235809
5.802976549735918
18.85643563014937
14.784270142101676
12.081103830123421
8.179038645462654
-0.6616661051417019
17.564365412853817
11.110732726325478
8.091691691806504
10.465963803732892
14.335152378232102
10.784554371775483
9.858207139162818
19.574210557763994
15.714758230866632
15.795041210506302
8.492910199620892
9.26248501416735
14.853613890641622
13.924278018883049
9.747965562520736
14.250946640119475
9.410228797736316
13.649959624112093
5.998762618270119
10.205081315539358
13.635848313659148
17.11247210313305
9.228141001536406
10.924456051877154
14.000297525053922
16.478237745818923
11.396404554192067
10.747978569537942
13.17951903680338
12.480592791404682
9.595880227382276
5.199515470197388
12.765986482383322
8.382147894369453
7.458998670118033
12.094646683111707
12.36308154288043
7.678982466702723
7.590417463486244
8.730210581675468
14.197925620882316
12.662588919172526
13.606675975868257
8.995887676701425
7.354160837616565
13.56675497431048
8.135340564033235
13.985515472881733
11.320358811334394
14.587447008550392
11.377232192776884
6.2880837540588255
5.598638042686114
14.782632781087933
12.28475824236437
15.331353994661193
13.332658050444053
15.098264509658575
17.96647933766147
4.424937245091584
9.237664871674596
10.402380501059067
10.88731529896904
6.965401025522464
7.813940195712748
13.23977282301259
11.272882943311561
6.906292277462054
4.890789185458306
7.275286537264259
9.616350105394792
14.57335637491661
7.802279289815768
8.771730683695676
8.560613198964843
18.037922579369493
11.64244518330639
6.341681535502422
14.030334897359973
14.317599486263827
15.204864984767116
9.583424769756505
14.681868437889435
11.725031916047985
13.40557217088368
14.717394804626364
11.067977565271935
12.976475724176334
8.896665912720104
8.50664441248436
9.55765340621517
15.232732675189743
13.960307149298835
12.032614038205333
12.162625917840007
12.646899263381039
7.038414328706517
11.60910231164845
10.280087724561858
8.310084212854433
9.346604868948699
12.974934372768466
16.716307160980534
13.292349264424555
6.711156323786058
4.865333188601346
13.406242995777408
2.3743249153345296
16.909847153087522
14.881128735012815
13.3505688293929
18.719292189709797
7.733564305167359
9.939529908766428
12.41015671918616
10.89089671958052
4.629450420770057
12.780111763589789
7.632070159121712
7.480949903471142
12.104677197739118
12.40411715332213
11.26792564941468
8.101082197470534
14.166668620041483
10.799793321429869
7.8734525043223975
9.98711967979748
7.765847703312106
9.219915593421147
17.326633910642144
9.313037356290048
6.995319682162275
18.549843089304677
15.55551390773841
14.33957351635468
9.813275880546882
12.43613909062931
6.216403980090486
16.32115980349417
10.488460470704293
15.039465917565902
11.304894333036197
10.064036179007633
7.116224273504762
4.374423587388441
7.325088632976929
13.758237027734117
9.077796136163721
8.027452082713989
4.94334619460092
14.340727873225052
10.08211620622632
9.985493731488898
12.21831249803757
10.077824863509562
12.78897510586591
5.607066167994993
11.973064640468218
-0.08671018712872325
8.423465980270342
12.131885431767383
6.793755705559006
13.27120520511052
10.01888862248606
13.703117337279672
11.776602423789749
12.843605907030797
19.16590404531881
21.022992227312315
9.066522631191734
6.381777613096118
9.364826818091833
12.504315426256564
12.05619575114897
15.57594701199125
13.41692525792783
8.92478322954488
11.036015435407641
13.645240623266613
12.441059479765268
10.487379626022115
11.77817521364231
10.313336916693732
7.1591676863408455
15.66936360113963
9.481169909474618
15.586273639646961
13.52847484872297
9.210233045178718
8.069588395458181
5.725378246503327
16.60724817360655
13.791929855532263
9.698703303037009
6.383266512884989
5.796052511414343
16.2928562477732
17.162381572409203
14.115282347358944
2.948837436328633
16.58995522765438
11.132935340574686
15.445740980865038
15.599358809749624
9.621067014766876
11.233830034531064
6.757323101600649
15.059306089144153
19.385158702927175
7.264513757731265
12.361009371525391
3.286655362520806
9.23457115287557
6.6510250357841425
10.286275010311803
13.192142045478112
10.519711284850729
14.383958800935611
6.0652885927465485
6.738901010478217
15.597960735263161
11.61274138304683
11.207705206498453
12.570252240371323
10.094480439037357
12.221027585973122
17.50587786497871
14.731376569219709
9.02470342027257
9.536459265572082
16.527540949180004
7.203065269157117
10.531874448450477
18.68788389350643
9.655589653884595
11.692440166940793
12.424234102012264
14.214633237762957
13.20235343440957
10.86571498520095
6.470476936665899
13.893013451713381
7.432058068537647
15.713988106130053
2.164352397363567
10.470878937322126
15.040837177886837
7.312723173323149
7.868954059949959
12.517843342169646
12.284305243587339
5.572622276663843
12.157225790784636
13.241166303324025
11.733831734963074
7.795500553877453
4.235407489470637
9.755757698113337
14.167142510780831
8.48474605367729
9.889677842103923
7.043041318637096
13.239381716957773
17.931527983001075
15.837476203632175
12.434726850770481
9.490488071123997
11.08271082059367
12.529222844915795
14.615279733129427
13.111356501224858
14.73406087949046
14.110982908847046
14.390037287594826
10.434214073057476
10.337325251971919
9.458845100685144
14.582274778298919
15.873886086915936
5.799325759884012
9.625030538796219
9.744268934918239
4.249544196435958
10.569485248491487
11.440580193628048
15.157386434330444
7.3106490140595
13.319981219832716
9.581745582902835
20.935477024119145
11.150635093490065
5.663868322012108
10.535277799983227
10.439344072155865
5.4876647243094245
7.670219595323313
11.190822768704875
13.652568096774218
15.279499238214903
6.865306606575688
5.631529698315526
11.07179207393153
21.115753312613858
8.470593103212174
7.663304248594493
17.485526744586185
11.89078129035893
5.9763311460661255
16.592848472050086
15.395231418376842
12.571440223369157
5.531492468649843
8.566668637380563
9.856175500263904
9.226874032700533
10.60026373408214
6.044822013129869
14.177140912389145
11.428582346770442
20.859381103326665
13.128267257629215
12.56424649152248
5.988043959064955
4.862292315494816
14.735679385543916
13.761416659094335
14.460568838218325
10.514745148625906
11.248684236699976
10.78027965026916
4.150519575715103
15.70786583698823
15.82050990411547
18.266309046483446
10.681433221944365
11.197726769379184
6.863681276632795
12.717161040652641
10.413383581418886
9.35310773248724
14.249340069931915
5.011784696064703
16.75636971256034
8.444849847136812
7.186930117219422
7.445575974341052
7.028042012560588
7.065203220963516
6.64502306021986
11.861760146292431
10.131345778422958
15.622590086887348
7.307858677644212
17.724320273856193
6.229127328171645
11.730502500851486
8.764928301526792
15.438043601317673
6.028788527941119
12.792877417254783
8.95404275688273
12.205607618060728
15.80699629899498
13.89763962220431
11.642605586156764
12.392638867334709
9.298590136720968
9.760129855204742
4.202952757395902
13.153937868206578
7.085356209626881
12.238965517311616
14.572169867043234
12.83803018501509
15.026693060915393
9.788417430624168
4.84605148317598
12.081642666822116
10.974422515267078
14.636974544323676
7.781163739127338
13.15390693851784
11.803288279374245
8.231181790409758
11.175284114626097
17.267134818183795
11.07343577603561
10.41955663366585
9.18146016338996
4.898598542379912
14.17836957810606
13.452948707563143
12.698005089696421
10.954235969908408
13.373675650568268
19.533254210368483
7.924082257846727
15.82194295760672
16.532022183742228
18.715770983471955
8.028673082299411
6.845357912449092
11.756303976744393
10.97847298106432
8.945982238154777
12.295166164487224
10.870470717070509
15.124317510196981
17.474459588467823
8.336691612491613
7.370612159908588
10.635134807495774
6.539558163375029
9.388578652239215
5.087736942778938
11.02938383839272
18.371758257910557
12.544799467063275
13.998480653824181
12.862137262991075
12.469643795257978
14.263709202302866
10.83021117623262
12.060064227130013
16.275028756094464
6.323449918299515
11.601647634820614
12.953241115024657
10.01014880516526
10.054020149133027
5.25901801765719
14.21875507571983
10.94938126049065
12.861545797932136
11.040894605884931
11.976245473380255
10.331990471946803
11.140923316087537
13.765068338588264
8.874761995368385
11.539967361816284
8.255282793461305
11.141323677210318
14.104870444484867
9.418760988873002
7.303488009048079
14.808701514358667
11.5898505826111
10.781763902828036
13.729410020968565
5.0381155387018906
11.11818864314113
13.957238679991812
12.948251464433575
11.769340936426875
9.215333140871056
12.621288092440144
12.264942217780172
8.893244441526448
14.401255451583673
10.59144665153958
14.901153704788817
14.442050431381055
9.839111178656726
15.315099350320871
6.746397092261393
5.439660660959427
14.506391347541305
5.275777941338316
11.444048738300339
9.875042522581829
11.891567980379115
18.50115379267315
13.996483521431959
9.864680864522583
6.810579345942134
10.001425599411753
8.330829759161386
10.3118429437862
13.122618615107989
12.776532665312821
5.4341865566441525
7.976998647117362
11.221066217684356
17.903493998691793
4.75087121555977
11.003092982454985
7.978260078201557
10.633665437906226
12.332140742284897
4.188339938330769
12.6802890642538
12.245972639780824
9.098124867497717
11.272647003067796
14.31483122749339
6.0645829274385274
8.834448543688053
20.04232866954004
8.957066814028273
10.358125787611257
8.841356330718558
11.195372440665691
9.951974070666012
13.152047552397123
11.546641197309215
5.867481482492769
9.600838400866406
8.704776970492576
8.353326632211463
8.132387881942222
6.29110604444414
11.161166629947443
15.834445019151381
11.100824225100778
12.343157542828271
11.237069016014045
14.483575152491666
17.90476385144845
8.206443286568087
12.666941909596925
5.8056323232869085
8.815216369742208
16.911174124969843
11.699621112526208
21.398508720716084
9.454366700694424
11.093124437462633
10.350399437472365
15.428983721351214
18.705099421924306
7.693318115613078
10.656400169815734
10.082284906988413
11.939024212669683
8.141825551984866
21.265034055365376
12.983774988983228
14.570651865670362
14.629744284049199
14.254796260511114
10.428663205440861
9.635884185640423
10.957024150481953
9.611302987026486
8.320054349312773
10.248253477648937
16.828292946965558
15.52854162144762
10.96666924784789
17.063749146481427
17.162855196239015
11.4098107821538
13.500457765495192
11.779371306349635
8.243733093388178
9.423766932371839
8.417190794474513
14.724504386387727
12.759050890375924
12.085618546002141
7.911045968721226
7.784525518017134
10.730885719739279
14.212054928326522
12.941561224006806
12.948682369123452
7.131271568661858
11.56021150875315
13.605070784737038
8.883038214159184
11.866005399029989
14.733693875334549
10.248464569190443
10.942396963240117
2.3564014560640754
16.940827911479786
11.529486125546464
1.1911412629609863
6.05033674685796
6.973564027508826
8.5754291041862
8.884484749120613
8.81866667367377
14.844282778970381
9.285741675485024
14.019521990326172
13.821366977723656
9.741317631468423
7.033726734773265
10.979457102309233
11.50550253442197
5.853654210189078
6.713681198765945
10.925118738325073
11.003119099524206
14.682422176236674
9.98443427802598
10.149039146609805
17.26041285000931
19.795013055150754
8.224852772353735
12.610391652448758
8.327820406169423
9.247020177244849
6.330847206790233
13.948920925483652
12.487118085112147
13.741181837387737
17.471816598965315
15.905390002147637
15.531192068760555
13.562141564207689
5.7020272954121
12.955129694863102
10.923423303116488
11.442353679161075
12.441479856136604
9.7969590174976
13.734848284612461
17.45969096964898
7.139959715024513
17.085400379091773
9.001626411090308
8.708984985650062
12.751991545917438
7.781396141948142
16.503223589347648
16.119377256259217
11.118948892945603
9.379940096994945
12.241905833259723
11.961053897428208
7.668877401811842
6.373932004173568
11.788737184909612
12.423080088982879
14.526284265014247
13.029312453976605
12.251658709739237
15.881702957687004
6.9762934304418085
12.475203814166173
11.420901964054552
7.8223701880916305
7.82454519484765
16.01203208294591
8.623471016462437
13.521378613788348
11.517964110441957
9.306165802035784
13.785955223091703
11.175849654745425
10.169548622109138
2.8757718878946292
10.953414118247066
10.032876134290367
12.826801618870135
14.018461334788304
10.707436212490748
10.37235215144939
6.9479568034649795
18.362037100522286
9.129720996303496
15.423212308612387
10.433802145135378
10.693726658289306
7.528493487420657
11.763309584126764
15.26076137596964
13.774478492090388
13.08563689322453
9.0111560916144
14.246877791598543
13.427637943835704
16.721213663231335
7.668211469725616
11.416091544446884
3.8791508082567567
12.237201611356715
3.053619357157096
8.258181644064837
8.301773155803582
17.538349074003758
11.644197016129265
13.794873297810653
9.315424345465317
10.682661849355735
8.423183083907421
10.161888244169292
16.93156711557046
6.027545791060102
7.234050869673425
9.457314259393069
11.469519234097902
12.959730989103628
14.549513095788878
9.536747559973449
11.293936221259466
11.241094237473565
8.25346819673795
10.271455286629672
10.907197490034893
13.518792820087796
8.46608717022854
11.641504340229236
10.820853701898566
8.296390703435634
12.880331806294794
17.632732229694764
12.216201377498999
15.226072543021342
9.13482642292037
16.04703609806747
15.303330554544733
7.36416096608543
13.231919245342908
14.81364532488607
13.87999384388382
9.813880649281982
9.32039063151513
12.190275367561554
2.196109775535678
16.082489374646414
4.069583379673309
6.820956797628718
16.676807977492096
14.90121587374317
16.63455613167794
2.3036818948883866
16.169528795658472
13.634525746880808
12.218056895966171
13.966602480428314
2.286609228985098
6.120598508860445
8.077730390708032
15.830863144728252
12.006281634349222
14.193001585128766
8.999695878408064
14.517037791241858
13.30282783276277
8.951218302587218
9.301319626053786
9.134935620683462
7.409918120185546
11.15314259673033
13.122870619551602
8.321457679708292
9.593712725529482
15.690138986200804
15.947446020767334
15.995299690236521
10.625362089093569
11.94181807068027
14.810454728723926
14.032789854408897
5.768976221362703
9.947066771675269
9.05585787074821
12.972502859532813
12.211897726573051
11.702199804780898
8.808073567655857
10.307601295358376
7.798702306244575
12.152483360941995
8.195826128007912
2.359139699519533
3.7619262730805287
9.208921640135578
5.577157677735081
13.196625740527596
8.717623221482947
3.4901914103095617
18.214174264873233
11.295136142650785
13.520573319213204
12.746274205106177
3.415116726233479
14.14320619212253
13.447763958155434
12.829012738179095
10.50611952652414
10.984596307069237
11.958949605830954
10.758165633676972
9.34492410055742
17.130980300759894
9.572851153353136
16.66702173446773
12.144667813733909
9.101988982720188
7.086963931337898
14.141086434636536
5.391258915078434
8.781038624526436
10.589977775524268
5.860187679894333
16.915929672168748
20.734403860646168
8.952837138130672
12.697313556230034
14.207101693331278
9.63047223189845
11.72079773732131
9.383864699929555
13.947147970055104
11.359273716508469
10.127713337428425
14.04091500968089
15.53483518000301
14.183270765548155
15.615674299155966
7.626345136874384
16.330864625674856
9.043248428990601
11.629783705319737
12.675046371294984
11.129948671180722
7.38508412110198
9.99507752067258
11.002978122175525
12.334390855758732
16.21579306468943
9.081957530058565
8.556605726156715
7.344153033907317
11.777093848126619
10.510374792123711
13.86635152629232
11.1394989172504
5.347601960830659
4.384849910430439
20.054070524870426
13.324473269924123
12.337499592679292
10.861044722999965
8.86478134580491
8.663389865606419
10.369297181788516
11.801026251183876
10.782700213978782
8.269563960451345
13.570594957324358
6.7118906644200536
6.479285651153208
8.517597477754904
11.996304532896495
10.053317545652815
14.975460322747102
14.305041663140337
14.916851461983237
9.207472335613412
15.982666944463741
9.996215853103845
8.468738539008317
7.525591318683155
10.471508659093304
12.514791217853588
9.43936707544783
19.04845998314032
11.988846141196134
10.08713001758436
8.081274167112923
11.370933303063417
5.414744110118142
10.828276082075313
11.033821197053566
7.518655066432722
16.262661591268774
8.44060523424617
12.579361895666011
13.05373393156943
11.41198023917676
13.92850382230107
9.13152490240883
10.942626345596619
11.498449876952545
8.125799851361428
14.590572074140363
4.465894928849864
14.056947643905367
8.43345871850348
15.77917062345496
9.941160087704503
6.932166149273628
14.914469598591893
